CST_OPTIMIZED
1.00000000 0.00000000
0.99998458 0.00001003
0.99993832 0.00004010
0.99986122 0.00009018
0.99975328 0.00016018
0.99961452 0.00025000
0.99944494 0.00035950
0.99924455 0.00048854
0.99901336 0.00063691
0.99875140 0.00080440
0.99845867 0.00099077
0.99813519 0.00119573
0.99778098 0.00141900
0.99739607 0.00166026
0.99698048 0.00191915
0.99653423 0.00219531
0.99605735 0.00248834
0.99554987 0.00279784
0.99501183 0.00312338
0.99444325 0.00346450
0.99384417 0.00382073
0.99321463 0.00419161
0.99255466 0.00457662
0.99186431 0.00497525
0.99114363 0.00538700
0.99039264 0.00581132
0.98961141 0.00624767
0.98879997 0.00669550
0.98795838 0.00715427
0.98708669 0.00762341
0.98618496 0.00810237
0.98525324 0.00859058
0.98429158 0.00908748
0.98330005 0.00959252
0.98227871 0.01010513
0.98122762 0.01062478
0.98014684 0.01115091
0.97903645 0.01168299
0.97789651 0.01222050
0.97672709 0.01276293
0.97552826 0.01330977
0.97430010 0.01386053
0.97304268 0.01441474
0.97175608 0.01497194
0.97044038 0.01553170
0.96909567 0.01609359
0.96772202 0.01665722
0.96631951 0.01722221
0.96488824 0.01778819
0.96342830 0.01835483
0.96193977 0.01892182
0.96042274 0.01948887
0.95887731 0.02005572
0.95730358 0.02062213
0.95570164 0.02118789
0.95407159 0.02175281
0.95241353 0.02231674
0.95072756 0.02287955
0.94901379 0.02344113
0.94727232 0.02400141
0.94550326 0.02456033
0.94370672 0.02511788
0.94188282 0.02567406
0.94003165 0.02622891
0.93815334 0.02678248
0.93624800 0.02733487
0.93431576 0.02788618
0.93235672 0.02843655
0.93037101 0.02898615
0.92835876 0.02953517
0.92632008 0.03008381
0.92425511 0.03063231
0.92216396 0.03118092
0.92004678 0.03172992
0.91790368 0.03227961
0.91573481 0.03283030
0.91354029 0.03338233
0.91132026 0.03393605
0.90907486 0.03449181
0.90680422 0.03505001
0.90450850 0.03561103
0.90218782 0.03617528
0.89984233 0.03674317
0.89747218 0.03731512
0.89507751 0.03789157
0.89265847 0.03847296
0.89021520 0.03905972
0.88774787 0.03965230
0.88525662 0.04025114
0.88274161 0.04085670
0.88020298 0.04146941
0.87764091 0.04208973
0.87505553 0.04271809
0.87244703 0.04335492
0.86981555 0.04400065
0.86716125 0.04465570
0.86448431 0.04532048
0.86178489 0.04599538
0.85906315 0.04668079
0.85631926 0.04737709
0.85355339 0.04808463
0.85076571 0.04880375
0.84795640 0.04953477
0.84512562 0.05027801
0.84227355 0.05103375
0.83940037 0.05180225
0.83650626 0.05258377
0.83359138 0.05337852
0.83065593 0.05418671
0.82770009 0.05500852
0.82472402 0.05584410
0.82172793 0.05669357
0.81871199 0.05755705
0.81567640 0.05843460
0.81262133 0.05932629
0.80954697 0.06023213
0.80645353 0.06115213
0.80334118 0.06208626
0.80021011 0.06303446
0.79706053 0.06399665
0.79389263 0.06497273
0.79070659 0.06596254
0.78750263 0.06696594
0.78428093 0.06798272
0.78104169 0.06901268
0.77778512 0.07005557
0.77451141 0.07111113
0.77122077 0.07217906
0.76791340 0.07325904
0.76458950 0.07435073
0.76124928 0.07545377
0.75789295 0.07656777
0.75452071 0.07769232
0.75113277 0.07882699
0.74772933 0.07997132
0.74431062 0.08112486
0.74087684 0.08228710
0.73742819 0.08345754
0.73396491 0.08463567
0.73048719 0.08582093
0.72699525 0.08701278
0.72348931 0.08821065
0.71996958 0.08941396
0.71643629 0.09062212
0.71288965 0.09183453
0.70932987 0.09305058
0.70575718 0.09426964
0.70217180 0.09549110
0.69857395 0.09671433
0.69496384 0.09793868
0.69134172 0.09916352
0.68770779 0.10038821
0.68406228 0.10161210
0.68040541 0.10283454
0.67673742 0.10405490
0.67305853 0.10527253
0.66936896 0.10648680
0.66566894 0.10769706
0.66195871 0.10890268
0.65823848 0.11010305
0.65450850 0.11129753
0.65076898 0.11248552
0.64702016 0.11366641
0.64326228 0.11483960
0.63949555 0.11600451
0.63572022 0.11716056
0.63193652 0.11830718
0.62814469 0.11944381
0.62434494 0.12056992
0.62053753 0.12168497
0.61672268 0.12278844
0.61290063 0.12387982
0.60907162 0.12495863
0.60523588 0.12602438
0.60139365 0.12707660
0.59754516 0.12811485
0.59369066 0.12913868
0.58983037 0.13014768
0.58596455 0.13114143
0.58209342 0.13211955
0.57821723 0.13308164
0.57433622 0.13402735
0.57045062 0.13495633
0.56656067 0.13586823
0.56266662 0.13676274
0.55876870 0.13763954
0.55486716 0.13849834
0.55096223 0.13933886
0.54705416 0.14016083
0.54314318 0.14096399
0.53922955 0.14174809
0.53531349 0.14251290
0.53139526 0.14325821
0.52747509 0.14398380
0.52355323 0.14468947
0.51962991 0.14537503
0.51570538 0.14604031
0.51177988 0.14668514
0.50785366 0.14730934
0.50392695 0.14791278
0.50000000 0.14849531
0.49607305 0.14905678
0.49214634 0.14959708
0.48822012 0.15011608
0.48429462 0.15061365
0.48037009 0.15108970
0.47644677 0.15154411
0.47252491 0.15197678
0.46860474 0.15238762
0.46468651 0.15277654
0.46077045 0.15314345
0.45685682 0.15348826
0.45294584 0.15381089
0.44903777 0.15411127
0.44513284 0.15438932
0.44123130 0.15464497
0.43733338 0.15487815
0.43343933 0.15508878
0.42954938 0.15527681
0.42566378 0.15544216
0.42178277 0.15558479
0.41790658 0.15570461
0.41403545 0.15580159
0.41016963 0.15587565
0.40630934 0.15592676
0.40245484 0.15595484
0.39860635 0.15595985
0.39476412 0.15594175
0.39092838 0.15590048
0.38709937 0.15583601
0.38327732 0.15574828
0.37946247 0.15563727
0.37565506 0.15550293
0.37185531 0.15534525
0.36806348 0.15516418
0.36427978 0.15495970
0.36050445 0.15473181
0.35673772 0.15448048
0.35297984 0.15420570
0.34923102 0.15390748
0.34549150 0.15358582
0.34176152 0.15324073
0.33804129 0.15287222
0.33433106 0.15248032
0.33063104 0.15206507
0.32694147 0.15162651
0.32326258 0.15116469
0.31959459 0.15067966
0.31593772 0.15017150
0.31229221 0.14964029
0.30865828 0.14908612
0.30503616 0.14850909
0.30142605 0.14790931
0.29782820 0.14728691
0.29424282 0.14664202
0.29067013 0.14597481
0.28711035 0.14528542
0.28356371 0.14457404
0.28003042 0.14384086
0.27651069 0.14308607
0.27300475 0.14230990
0.26951281 0.14151259
0.26603509 0.14069436
0.26257181 0.13985550
0.25912316 0.13899626
0.25568938 0.13811695
0.25227067 0.13721787
0.24886723 0.13629933
0.24547929 0.13536168
0.24210705 0.13440526
0.23875072 0.13343043
0.23541050 0.13243758
0.23208660 0.13142709
0.22877923 0.13039938
0.22548859 0.12935487
0.22221488 0.12829398
0.21895831 0.12721716
0.21571907 0.12612488
0.21249737 0.12501761
0.20929341 0.12389582
0.20610737 0.12276002
0.20293947 0.12161072
0.19978989 0.12044842
0.19665882 0.11927366
0.19354647 0.11808697
0.19045303 0.11688889
0.18737867 0.11567998
0.18432360 0.11446079
0.18128801 0.11323189
0.17827207 0.11199386
0.17527598 0.11074727
0.17229991 0.10949269
0.16934407 0.10823071
0.16640862 0.10696192
0.16349374 0.10568691
0.16059963 0.10440626
0.15772645 0.10312057
0.15487438 0.10183042
0.15204360 0.10053639
0.14923429 0.09923908
0.14644661 0.09793907
0.14368074 0.09663692
0.14093685 0.09533321
0.13821511 0.09402852
0.13551569 0.09272339
0.13283875 0.09141838
0.13018445 0.09011403
0.12755297 0.08881088
0.12494447 0.08750945
0.12235909 0.08621027
0.11979702 0.08491382
0.11725839 0.08362061
0.11474338 0.08233112
0.11225213 0.08104580
0.10978480 0.07976512
0.10734153 0.07848951
0.10492249 0.07721940
0.10252782 0.07595519
0.10015767 0.07469728
0.09781218 0.07344604
0.09549150 0.07220184
0.09319578 0.07096502
0.09092514 0.06973590
0.08867974 0.06851480
0.08645971 0.06730201
0.08426519 0.06609779
0.08209632 0.06490241
0.07995322 0.06371611
0.07783604 0.06253910
0.07574489 0.06137158
0.07367992 0.06021374
0.07164124 0.05906575
0.06962899 0.05792775
0.06764328 0.05679987
0.06568424 0.05568222
0.06375200 0.05457490
0.06184666 0.05347799
0.05996835 0.05239154
0.05811718 0.05131560
0.05629328 0.05025019
0.05449674 0.04919534
0.05272768 0.04815103
0.05098621 0.04711724
0.04927244 0.04609394
0.04758647 0.04508109
0.04592841 0.04407861
0.04429836 0.04308645
0.04269642 0.04210450
0.04112269 0.04113267
0.03957726 0.04017084
0.03806023 0.03921891
0.03657170 0.03827672
0.03511176 0.03734414
0.03368049 0.03642103
0.03227798 0.03550721
0.03090433 0.03460252
0.02955962 0.03370678
0.02824392 0.03281981
0.02695732 0.03194143
0.02569990 0.03107143
0.02447174 0.03020962
0.02327291 0.02935579
0.02210349 0.02850973
0.02096355 0.02767123
0.01985316 0.02684008
0.01877238 0.02601606
0.01772129 0.02519895
0.01669995 0.02438853
0.01570842 0.02358458
0.01474676 0.02278687
0.01381504 0.02199518
0.01291331 0.02120930
0.01204162 0.02042898
0.01120003 0.01965403
0.01038859 0.01888421
0.00960736 0.01811930
0.00885637 0.01735910
0.00813569 0.01660338
0.00744534 0.01585193
0.00678537 0.01510454
0.00615583 0.01436101
0.00555675 0.01362111
0.00498817 0.01288466
0.00445013 0.01215145
0.00394265 0.01142128
0.00346577 0.01069396
0.00301952 0.00996929
0.00260393 0.00924709
0.00221902 0.00852716
0.00186481 0.00780932
0.00154133 0.00709339
0.00124860 0.00637918
0.00098664 0.00566652
0.00075545 0.00495523
0.00055506 0.00424513
0.00038548 0.00353606
0.00024672 0.00282783
0.00013878 0.00212028
0.00006168 0.00141324
0.00001542 0.00070654
0.00000000 0.00000000
0.00001542 -0.00061750
0.00006168 -0.00123440
0.00013878 -0.00185008
0.00024672 -0.00246395
0.00038548 -0.00307540
0.00055506 -0.00368384
0.00075545 -0.00428867
0.00098664 -0.00488932
0.00124860 -0.00548520
0.00154133 -0.00607575
0.00186481 -0.00666040
0.00221902 -0.00723860
0.00260393 -0.00780981
0.00301952 -0.00837351
0.00346577 -0.00892917
0.00394265 -0.00947630
0.00445013 -0.01001441
0.00498817 -0.01054302
0.00555675 -0.01106168
0.00615583 -0.01156995
0.00678537 -0.01206739
0.00744534 -0.01255361
0.00813569 -0.01302821
0.00885637 -0.01349082
0.00960736 -0.01394110
0.01038859 -0.01437871
0.01120003 -0.01480334
0.01204162 -0.01521470
0.01291331 -0.01561251
0.01381504 -0.01599652
0.01474676 -0.01636652
0.01570842 -0.01672228
0.01669995 -0.01706362
0.01772129 -0.01739037
0.01877238 -0.01770239
0.01985316 -0.01799956
0.02096355 -0.01828176
0.02210349 -0.01854893
0.02327291 -0.01880099
0.02447174 -0.01903791
0.02569990 -0.01925967
0.02695732 -0.01946626
0.02824392 -0.01965770
0.02955962 -0.01983404
0.03090433 -0.01999532
0.03227798 -0.02014163
0.03368049 -0.02027305
0.03511176 -0.02038970
0.03657170 -0.02049170
0.03806023 -0.02057918
0.03957726 -0.02065232
0.04112269 -0.02071128
0.04269642 -0.02075625
0.04429836 -0.02078742
0.04592841 -0.02080501
0.04758647 -0.02080925
0.04927244 -0.02080035
0.05098621 -0.02077858
0.05272768 -0.02074418
0.05449674 -0.02069742
0.05629328 -0.02063857
0.05811718 -0.02056789
0.05996835 -0.02048569
0.06184666 -0.02039224
0.06375200 -0.02028785
0.06568424 -0.02017279
0.06764328 -0.02004739
0.06962899 -0.01991193
0.07164124 -0.01976673
0.07367992 -0.01961208
0.07574489 -0.01944829
0.07783604 -0.01927566
0.07995322 -0.01909450
0.08209632 -0.01890510
0.08426519 -0.01870775
0.08645971 -0.01850276
0.08867974 -0.01829040
0.09092514 -0.01807096
0.09319578 -0.01784472
0.09549150 -0.01761195
0.09781218 -0.01737291
0.10015767 -0.01712785
0.10252782 -0.01687704
0.10492249 -0.01662071
0.10734153 -0.01635909
0.10978480 -0.01609241
0.11225213 -0.01582088
0.11474338 -0.01554472
0.11725839 -0.01526412
0.11979702 -0.01497926
0.12235909 -0.01469032
0.12494447 -0.01439747
0.12755297 -0.01410087
0.13018445 -0.01380066
0.13283875 -0.01349699
0.13551569 -0.01318997
0.13821511 -0.01287972
0.14093685 -0.01256636
0.14368074 -0.01224997
0.14644661 -0.01193065
0.14923429 -0.01160846
0.15204360 -0.01128348
0.15487438 -0.01095577
0.15772645 -0.01062538
0.16059963 -0.01029234
0.16349374 -0.00995669
0.16640862 -0.00961846
0.16934407 -0.00927765
0.17229991 -0.00893429
0.17527598 -0.00858838
0.17827207 -0.00823990
0.18128801 -0.00788886
0.18432360 -0.00753524
0.18737867 -0.00717902
0.19045303 -0.00682018
0.19354647 -0.00645868
0.19665882 -0.00609451
0.19978989 -0.00572762
0.20293947 -0.00535797
0.20610737 -0.00498554
0.20929341 -0.00461028
0.21249737 -0.00423214
0.21571907 -0.00385110
0.21895831 -0.00346710
0.22221488 -0.00308012
0.22548859 -0.00269010
0.22877923 -0.00229702
0.23208660 -0.00190084
0.23541050 -0.00150152
0.23875072 -0.00109904
0.24210705 -0.00069337
0.24547929 -0.00028449
0.24886723 0.00012762
0.25227067 0.00054297
0.25568938 0.00096157
0.25912316 0.00138342
0.26257181 0.00180852
0.26603509 0.00223686
0.26951281 0.00266843
0.27300475 0.00310319
0.27651069 0.00354114
0.28003042 0.00398222
0.28356371 0.00442639
0.28711035 0.00487362
0.29067013 0.00532383
0.29424282 0.00577697
0.29782820 0.00623297
0.30142605 0.00669174
0.30503616 0.00715320
0.30865828 0.00761725
0.31229221 0.00808379
0.31593772 0.00855272
0.31959459 0.00902392
0.32326258 0.00949726
0.32694147 0.00997261
0.33063104 0.01044984
0.33433106 0.01092881
0.33804129 0.01140935
0.34176152 0.01189133
0.34549150 0.01237457
0.34923102 0.01285891
0.35297984 0.01334418
0.35673772 0.01383020
0.36050445 0.01431678
0.36427978 0.01480373
0.36806348 0.01529088
0.37185531 0.01577802
0.37565506 0.01626496
0.37946247 0.01675149
0.38327732 0.01723742
0.38709937 0.01772254
0.39092838 0.01820664
0.39476412 0.01868952
0.39860635 0.01917096
0.40245484 0.01965077
0.40630934 0.02012872
0.41016963 0.02060462
0.41403545 0.02107825
0.41790658 0.02154942
0.42178277 0.02201791
0.42566378 0.02248352
0.42954938 0.02294606
0.43343933 0.02340533
0.43733338 0.02386113
0.44123130 0.02431328
0.44513284 0.02476159
0.44903777 0.02520587
0.45294584 0.02564595
0.45685682 0.02608166
0.46077045 0.02651283
0.46468651 0.02693930
0.46860474 0.02736091
0.47252491 0.02777752
0.47644677 0.02818896
0.48037009 0.02859512
0.48429462 0.02899585
0.48822012 0.02939103
0.49214634 0.02978054
0.49607305 0.03016427
0.50000000 0.03054211
0.50392695 0.03091397
0.50785366 0.03127974
0.51177988 0.03163935
0.51570538 0.03199272
0.51962991 0.03233977
0.52355323 0.03268045
0.52747509 0.03301468
0.53139526 0.03334243
0.53531349 0.03366364
0.53922955 0.03397827
0.54314318 0.03428630
0.54705416 0.03458769
0.55096223 0.03488243
0.55486716 0.03517049
0.55876870 0.03545187
0.56266662 0.03572656
0.56656067 0.03599456
0.57045062 0.03625588
0.57433622 0.03651053
0.57821723 0.03675851
0.58209342 0.03699984
0.58596455 0.03723454
0.58983037 0.03746264
0.59369066 0.03768416
0.59754516 0.03789913
0.60139365 0.03810758
0.60523588 0.03830953
0.60907162 0.03850504
0.61290063 0.03869412
0.61672268 0.03887682
0.62053753 0.03905317
0.62434494 0.03922320
0.62814469 0.03938697
0.63193652 0.03954449
0.63572022 0.03969581
0.63949555 0.03984096
0.64326228 0.03997998
0.64702016 0.04011289
0.65076898 0.04023973
0.65450850 0.04036053
0.65823848 0.04047530
0.66195871 0.04058408
0.66566894 0.04068688
0.66936896 0.04078372
0.67305853 0.04087462
0.67673742 0.04095959
0.68040541 0.04103864
0.68406228 0.04111176
0.68770779 0.04117897
0.69134172 0.04124026
0.69496384 0.04129562
0.69857395 0.04134504
0.70217180 0.04138851
0.70575718 0.04142601
0.70932987 0.04145752
0.71288965 0.04148301
0.71643629 0.04150246
0.71996958 0.04151582
0.72348931 0.04152307
0.72699525 0.04152416
0.73048719 0.04151905
0.73396491 0.04150770
0.73742819 0.04149004
0.74087684 0.04146603
0.74431062 0.04143561
0.74772933 0.04139872
0.75113277 0.04135531
0.75452071 0.04130530
0.75789295 0.04124863
0.76124928 0.04118524
0.76458950 0.04111506
0.76791340 0.04103801
0.77122077 0.04095403
0.77451141 0.04086305
0.77778512 0.04076499
0.78104169 0.04065978
0.78428093 0.04054736
0.78750263 0.04042765
0.79070659 0.04030059
0.79389263 0.04016610
0.79706053 0.04002412
0.80021011 0.03987459
0.80334118 0.03971744
0.80645353 0.03955263
0.80954697 0.03938008
0.81262133 0.03919976
0.81567640 0.03901161
0.81871199 0.03881558
0.82172793 0.03861165
0.82472402 0.03839976
0.82770009 0.03817991
0.83065593 0.03795205
0.83359138 0.03771617
0.83650626 0.03747226
0.83940037 0.03722032
0.84227355 0.03696033
0.84512562 0.03669232
0.84795640 0.03641628
0.85076571 0.03613225
0.85355339 0.03584025
0.85631926 0.03554032
0.85906315 0.03523250
0.86178489 0.03491684
0.86448431 0.03459340
0.86716125 0.03426225
0.86981555 0.03392347
0.87244703 0.03357714
0.87505553 0.03322335
0.87764091 0.03286221
0.88020298 0.03249383
0.88274161 0.03211832
0.88525662 0.03173581
0.88774787 0.03134645
0.89021520 0.03095037
0.89265847 0.03054773
0.89507751 0.03013870
0.89747218 0.02972343
0.89984233 0.02930212
0.90218782 0.02887495
0.90450850 0.02844212
0.90680422 0.02800382
0.90907486 0.02756028
0.91132026 0.02711171
0.91354029 0.02665834
0.91573481 0.02620040
0.91790368 0.02573813
0.92004678 0.02527179
0.92216396 0.02480163
0.92425511 0.02432791
0.92632008 0.02385089
0.92835876 0.02337086
0.93037101 0.02288809
0.93235672 0.02240286
0.93431576 0.02191548
0.93624800 0.02142622
0.93815334 0.02093539
0.94003165 0.02044329
0.94188282 0.01995023
0.94370672 0.01945653
0.94550326 0.01896248
0.94727232 0.01846842
0.94901379 0.01797466
0.95072756 0.01748151
0.95241353 0.01698931
0.95407159 0.01649838
0.95570164 0.01600904
0.95730358 0.01552161
0.95887731 0.01503644
0.96042274 0.01455383
0.96193977 0.01407413
0.96342830 0.01359764
0.96488824 0.01312471
0.96631951 0.01265565
0.96772202 0.01219079
0.96909567 0.01173044
0.97044038 0.01127492
0.97175608 0.01082455
0.97304268 0.01037964
0.97430010 0.00994051
0.97552826 0.00950745
0.97672709 0.00908077
0.97789651 0.00866077
0.97903645 0.00824773
0.98014684 0.00784196
0.98122762 0.00744374
0.98227871 0.00705334
0.98330005 0.00667104
0.98429158 0.00629711
0.98525324 0.00593181
0.98618496 0.00557541
0.98708669 0.00522814
0.98795838 0.00489025
0.98879997 0.00456199
0.98961141 0.00424359
0.99039264 0.00393526
0.99114363 0.00363723
0.99186431 0.00334971
0.99255466 0.00307289
0.99321463 0.00280698
0.99384417 0.00255216
0.99444325 0.00230861
0.99501183 0.00207650
0.99554987 0.00185599
0.99605735 0.00164725
0.99653423 0.00145041
0.99698048 0.00126562
0.99739607 0.00109300
0.99778098 0.00093268
0.99813519 0.00078476
0.99845867 0.00064936
0.99875140 0.00052657
0.99901336 0.00041647
0.99924455 0.00031914
0.99944494 0.00023465
0.99961452 0.00016305
0.99975328 0.00010441
0.99986122 0.00005875
0.99993832 0.00002612
0.99998458 0.00000653
1.00000000 0.00000000
