CST_OPTIMIZED
1.00000000 0.00000000
0.99998458 0.00001210
0.99993832 0.00004838
0.99986122 0.00010879
0.99975328 0.00019328
0.99961452 0.00030174
0.99944494 0.00043404
0.99924455 0.00059004
0.99901336 0.00076955
0.99875140 0.00097238
0.99845867 0.00119828
0.99813519 0.00144701
0.99778098 0.00171828
0.99739607 0.00201179
0.99698048 0.00232721
0.99653423 0.00266420
0.99605735 0.00302237
0.99554987 0.00340135
0.99501183 0.00380073
0.99444325 0.00422006
0.99384417 0.00465892
0.99321463 0.00511684
0.99255466 0.00559333
0.99186431 0.00608792
0.99114363 0.00660010
0.99039264 0.00712936
0.98961141 0.00767518
0.98879997 0.00823702
0.98795838 0.00881434
0.98708669 0.00940661
0.98618496 0.01001326
0.98525324 0.01063376
0.98429158 0.01126753
0.98330005 0.01191404
0.98227871 0.01257271
0.98122762 0.01324301
0.98014684 0.01392437
0.97903645 0.01461626
0.97789651 0.01531813
0.97672709 0.01602945
0.97552826 0.01674969
0.97430010 0.01747834
0.97304268 0.01821488
0.97175608 0.01895883
0.97044038 0.01970970
0.96909567 0.02046701
0.96772202 0.02123031
0.96631951 0.02199916
0.96488824 0.02277313
0.96342830 0.02355180
0.96193977 0.02433479
0.96042274 0.02512172
0.95887731 0.02591222
0.95730358 0.02670595
0.95570164 0.02750260
0.95407159 0.02830185
0.95241353 0.02910343
0.95072756 0.02990707
0.94901379 0.03071252
0.94727232 0.03151956
0.94550326 0.03232798
0.94370672 0.03313760
0.94188282 0.03394824
0.94003165 0.03475977
0.93815334 0.03557204
0.93624800 0.03638496
0.93431576 0.03719842
0.93235672 0.03801236
0.93037101 0.03882672
0.92835876 0.03964146
0.92632008 0.04045654
0.92425511 0.04127198
0.92216396 0.04208776
0.92004678 0.04290392
0.91790368 0.04372048
0.91573481 0.04453750
0.91354029 0.04535502
0.91132026 0.04617312
0.90907486 0.04699188
0.90680422 0.04781138
0.90450850 0.04863172
0.90218782 0.04945301
0.89984233 0.05027534
0.89747218 0.05109884
0.89507751 0.05192361
0.89265847 0.05274979
0.89021520 0.05357749
0.88774787 0.05440684
0.88525662 0.05523796
0.88274161 0.05607097
0.88020298 0.05690600
0.87764091 0.05774316
0.87505553 0.05858257
0.87244703 0.05942433
0.86981555 0.06026855
0.86716125 0.06111533
0.86448431 0.06196476
0.86178489 0.06281692
0.85906315 0.06367188
0.85631926 0.06452972
0.85355339 0.06539049
0.85076571 0.06625422
0.84795640 0.06712097
0.84512562 0.06799074
0.84227355 0.06886355
0.83940037 0.06973939
0.83650626 0.07061826
0.83359138 0.07150012
0.83065593 0.07238494
0.82770009 0.07327266
0.82472402 0.07416322
0.82172793 0.07505653
0.81871199 0.07595250
0.81567640 0.07685103
0.81262133 0.07775199
0.80954697 0.07865524
0.80645353 0.07956066
0.80334118 0.08046807
0.80021011 0.08137730
0.79706053 0.08228818
0.79389263 0.08320051
0.79070659 0.08411408
0.78750263 0.08502868
0.78428093 0.08594408
0.78104169 0.08686005
0.77778512 0.08777635
0.77451141 0.08869272
0.77122077 0.08960892
0.76791340 0.09052466
0.76458950 0.09143969
0.76124928 0.09235373
0.75789295 0.09326650
0.75452071 0.09417771
0.75113277 0.09508709
0.74772933 0.09599433
0.74431062 0.09689917
0.74087684 0.09780130
0.73742819 0.09870045
0.73396491 0.09959632
0.73048719 0.10048864
0.72699525 0.10137713
0.72348931 0.10226150
0.71996958 0.10314149
0.71643629 0.10401684
0.71288965 0.10488729
0.70932987 0.10575258
0.70575718 0.10661248
0.70217180 0.10746674
0.69857395 0.10831515
0.69496384 0.10915748
0.69134172 0.10999354
0.68770779 0.11082312
0.68406228 0.11164605
0.68040541 0.11246214
0.67673742 0.11327125
0.67305853 0.11407323
0.66936896 0.11486793
0.66566894 0.11565523
0.66195871 0.11643503
0.65823848 0.11720723
0.65450850 0.11797175
0.65076898 0.11872851
0.64702016 0.11947745
0.64326228 0.12021854
0.63949555 0.12095174
0.63572022 0.12167703
0.63193652 0.12239440
0.62814469 0.12310386
0.62434494 0.12380542
0.62053753 0.12449910
0.61672268 0.12518496
0.61290063 0.12586302
0.60907162 0.12653335
0.60523588 0.12719602
0.60139365 0.12785109
0.59754516 0.12849865
0.59369066 0.12913878
0.58983037 0.12977158
0.58596455 0.13039715
0.58209342 0.13101558
0.57821723 0.13162698
0.57433622 0.13223146
0.57045062 0.13282914
0.56656067 0.13342011
0.56266662 0.13400448
0.55876870 0.13458238
0.55486716 0.13515390
0.55096223 0.13571914
0.54705416 0.13627821
0.54314318 0.13683120
0.53922955 0.13737819
0.53531349 0.13791927
0.53139526 0.13845451
0.52747509 0.13898397
0.52355323 0.13950771
0.51962991 0.14002577
0.51570538 0.14053819
0.51177988 0.14104498
0.50785366 0.14154616
0.50392695 0.14204172
0.50000000 0.14253164
0.49607305 0.14301589
0.49214634 0.14349441
0.48822012 0.14396715
0.48429462 0.14443401
0.48037009 0.14489491
0.47644677 0.14534973
0.47252491 0.14579833
0.46860474 0.14624057
0.46468651 0.14667627
0.46077045 0.14710526
0.45685682 0.14752733
0.45294584 0.14794226
0.44903777 0.14834981
0.44513284 0.14874972
0.44123130 0.14914172
0.43733338 0.14952552
0.43343933 0.14990081
0.42954938 0.15026726
0.42566378 0.15062454
0.42178277 0.15097229
0.41790658 0.15131015
0.41403545 0.15163771
0.41016963 0.15195460
0.40630934 0.15226039
0.40245484 0.15255467
0.39860635 0.15283699
0.39476412 0.15310693
0.39092838 0.15336401
0.38709937 0.15360779
0.38327732 0.15383780
0.37946247 0.15405356
0.37565506 0.15425459
0.37185531 0.15444041
0.36806348 0.15461053
0.36427978 0.15476448
0.36050445 0.15490176
0.35673772 0.15502188
0.35297984 0.15512438
0.34923102 0.15520876
0.34549150 0.15527456
0.34176152 0.15532130
0.33804129 0.15534853
0.33433106 0.15535580
0.33063104 0.15534266
0.32694147 0.15530869
0.32326258 0.15525347
0.31959459 0.15517660
0.31593772 0.15507770
0.31229221 0.15495638
0.30865828 0.15481229
0.30503616 0.15464511
0.30142605 0.15445451
0.29782820 0.15424020
0.29424282 0.15400191
0.29067013 0.15373937
0.28711035 0.15345237
0.28356371 0.15314071
0.28003042 0.15280419
0.27651069 0.15244267
0.27300475 0.15205602
0.26951281 0.15164413
0.26603509 0.15120693
0.26257181 0.15074439
0.25912316 0.15025646
0.25568938 0.14974318
0.25227067 0.14920456
0.24886723 0.14864069
0.24547929 0.14805164
0.24210705 0.14743756
0.23875072 0.14679859
0.23541050 0.14613490
0.23208660 0.14544671
0.22877923 0.14473425
0.22548859 0.14399780
0.22221488 0.14323762
0.21895831 0.14245406
0.21571907 0.14164744
0.21249737 0.14081813
0.20929341 0.13996653
0.20610737 0.13909306
0.20293947 0.13819814
0.19978989 0.13728226
0.19665882 0.13634587
0.19354647 0.13538950
0.19045303 0.13441366
0.18737867 0.13341889
0.18432360 0.13240574
0.18128801 0.13137479
0.17827207 0.13032662
0.17527598 0.12926184
0.17229991 0.12818105
0.16934407 0.12708487
0.16640862 0.12597394
0.16349374 0.12484890
0.16059963 0.12371039
0.15772645 0.12255906
0.15487438 0.12139557
0.15204360 0.12022057
0.14923429 0.11903472
0.14644661 0.11783868
0.14368074 0.11663311
0.14093685 0.11541866
0.13821511 0.11419598
0.13551569 0.11296571
0.13283875 0.11172849
0.13018445 0.11048495
0.12755297 0.10923570
0.12494447 0.10798137
0.12235909 0.10672254
0.11979702 0.10545981
0.11725839 0.10419374
0.11474338 0.10292489
0.11225213 0.10165380
0.10978480 0.10038100
0.10734153 0.09910699
0.10492249 0.09783227
0.10252782 0.09655731
0.10015767 0.09528256
0.09781218 0.09400845
0.09549150 0.09273539
0.09319578 0.09146378
0.09092514 0.09019397
0.08867974 0.08892633
0.08645971 0.08766117
0.08426519 0.08639879
0.08209632 0.08513949
0.07995322 0.08388351
0.07783604 0.08263110
0.07574489 0.08138246
0.07367992 0.08013780
0.07164124 0.07889727
0.06962899 0.07766102
0.06764328 0.07642920
0.06568424 0.07520189
0.06375200 0.07397918
0.06184666 0.07276114
0.05996835 0.07154781
0.05811718 0.07033923
0.05629328 0.06913539
0.05449674 0.06793629
0.05272768 0.06674189
0.05098621 0.06555216
0.04927244 0.06436704
0.04758647 0.06318646
0.04592841 0.06201031
0.04429836 0.06083852
0.04269642 0.05967095
0.04112269 0.05850750
0.03957726 0.05734802
0.03806023 0.05619237
0.03657170 0.05504040
0.03511176 0.05389196
0.03368049 0.05274686
0.03227798 0.05160496
0.03090433 0.05046606
0.02955962 0.04932999
0.02824392 0.04819657
0.02695732 0.04706562
0.02569990 0.04593695
0.02447174 0.04481037
0.02327291 0.04368571
0.02210349 0.04256277
0.02096355 0.04144139
0.01985316 0.04032139
0.01877238 0.03920258
0.01772129 0.03808482
0.01669995 0.03696792
0.01570842 0.03585174
0.01474676 0.03473613
0.01381504 0.03362094
0.01291331 0.03250604
0.01204162 0.03139130
0.01120003 0.03027660
0.01038859 0.02916183
0.00960736 0.02804688
0.00885637 0.02693167
0.00813569 0.02581611
0.00744534 0.02470011
0.00678537 0.02358363
0.00615583 0.02246660
0.00555675 0.02134897
0.00498817 0.02023072
0.00445013 0.01911180
0.00394265 0.01799220
0.00346577 0.01687190
0.00301952 0.01575092
0.00260393 0.01462925
0.00221902 0.01350690
0.00186481 0.01238391
0.00154133 0.01126028
0.00124860 0.01013607
0.00098664 0.00901132
0.00075545 0.00788606
0.00055506 0.00676035
0.00038548 0.00563424
0.00024672 0.00450780
0.00013878 0.00338109
0.00006168 0.00225418
0.00001542 0.00112712
0.00000000 0.00000000
0.00001542 -0.00086743
0.00006168 -0.00173425
0.00013878 -0.00259987
0.00024672 -0.00346369
0.00038548 -0.00432510
0.00055506 -0.00518351
0.00075545 -0.00603834
0.00098664 -0.00688898
0.00124860 -0.00773486
0.00154133 -0.00857540
0.00186481 -0.00941003
0.00221902 -0.01023817
0.00260393 -0.01105928
0.00301952 -0.01187280
0.00346577 -0.01267819
0.00394265 -0.01347492
0.00445013 -0.01426245
0.00498817 -0.01504029
0.00555675 -0.01580791
0.00615583 -0.01656484
0.00678537 -0.01731059
0.00744534 -0.01804468
0.00813569 -0.01876668
0.00885637 -0.01947612
0.00960736 -0.02017259
0.01038859 -0.02085566
0.01120003 -0.02152493
0.01204162 -0.02218002
0.01291331 -0.02282055
0.01381504 -0.02344616
0.01474676 -0.02405651
0.01570842 -0.02465127
0.01669995 -0.02523013
0.01772129 -0.02579280
0.01877238 -0.02633899
0.01985316 -0.02686843
0.02096355 -0.02738089
0.02210349 -0.02787613
0.02327291 -0.02835394
0.02447174 -0.02881411
0.02569990 -0.02925647
0.02695732 -0.02968084
0.02824392 -0.03008709
0.02955962 -0.03047508
0.03090433 -0.03084470
0.03227798 -0.03119583
0.03368049 -0.03152841
0.03511176 -0.03184236
0.03657170 -0.03213763
0.03806023 -0.03241418
0.03957726 -0.03267200
0.04112269 -0.03291107
0.04269642 -0.03313141
0.04429836 -0.03333304
0.04592841 -0.03351600
0.04758647 -0.03368033
0.04927244 -0.03382611
0.05098621 -0.03395342
0.05272768 -0.03406234
0.05449674 -0.03415298
0.05629328 -0.03422546
0.05811718 -0.03427991
0.05996835 -0.03431646
0.06184666 -0.03433527
0.06375200 -0.03433651
0.06568424 -0.03432033
0.06764328 -0.03428694
0.06962899 -0.03423650
0.07164124 -0.03416924
0.07367992 -0.03408535
0.07574489 -0.03398506
0.07783604 -0.03386859
0.07995322 -0.03373616
0.08209632 -0.03358802
0.08426519 -0.03342442
0.08645971 -0.03324560
0.08867974 -0.03305182
0.09092514 -0.03284335
0.09319578 -0.03262043
0.09549150 -0.03238336
0.09781218 -0.03213239
0.10015767 -0.03186781
0.10252782 -0.03158990
0.10492249 -0.03129893
0.10734153 -0.03099519
0.10978480 -0.03067896
0.11225213 -0.03035054
0.11474338 -0.03001020
0.11725839 -0.02965824
0.11979702 -0.02929495
0.12235909 -0.02892061
0.12494447 -0.02853550
0.12755297 -0.02813993
0.13018445 -0.02773417
0.13283875 -0.02731851
0.13551569 -0.02689322
0.13821511 -0.02645860
0.14093685 -0.02601492
0.14368074 -0.02556245
0.14644661 -0.02510148
0.14923429 -0.02463227
0.15204360 -0.02415510
0.15487438 -0.02367022
0.15772645 -0.02317790
0.16059963 -0.02267840
0.16349374 -0.02217198
0.16640862 -0.02165889
0.16934407 -0.02113938
0.17229991 -0.02061369
0.17527598 -0.02008207
0.17827207 -0.01954475
0.18128801 -0.01900197
0.18432360 -0.01845396
0.18737867 -0.01790094
0.19045303 -0.01734313
0.19354647 -0.01678076
0.19665882 -0.01621405
0.19978989 -0.01564319
0.20293947 -0.01506841
0.20610737 -0.01448989
0.20929341 -0.01390785
0.21249737 -0.01332248
0.21571907 -0.01273397
0.21895831 -0.01214251
0.22221488 -0.01154829
0.22548859 -0.01095149
0.22877923 -0.01035229
0.23208660 -0.00975086
0.23541050 -0.00914738
0.23875072 -0.00854202
0.24210705 -0.00793496
0.24547929 -0.00732634
0.24886723 -0.00671633
0.25227067 -0.00610511
0.25568938 -0.00549281
0.25912316 -0.00487960
0.26257181 -0.00426563
0.26603509 -0.00365106
0.26951281 -0.00303602
0.27300475 -0.00242067
0.27651069 -0.00180515
0.28003042 -0.00118961
0.28356371 -0.00057419
0.28711035 0.00004098
0.29067013 0.00065575
0.29424282 0.00126998
0.29782820 0.00188354
0.30142605 0.00249630
0.30503616 0.00310811
0.30865828 0.00371885
0.31229221 0.00432839
0.31593772 0.00493660
0.31959459 0.00554334
0.32326258 0.00614848
0.32694147 0.00675191
0.33063104 0.00735349
0.33433106 0.00795311
0.33804129 0.00855062
0.34176152 0.00914592
0.34549150 0.00973888
0.34923102 0.01032937
0.35297984 0.01091729
0.35673772 0.01150250
0.36050445 0.01208490
0.36427978 0.01266436
0.36806348 0.01324077
0.37185531 0.01381402
0.37565506 0.01438400
0.37946247 0.01495059
0.38327732 0.01551368
0.38709937 0.01607318
0.39092838 0.01662896
0.39476412 0.01718094
0.39860635 0.01772900
0.40245484 0.01827305
0.40630934 0.01881298
0.41016963 0.01934872
0.41403545 0.01988015
0.41790658 0.02040719
0.42178277 0.02092976
0.42566378 0.02144776
0.42954938 0.02196112
0.43343933 0.02246975
0.43733338 0.02297357
0.44123130 0.02347252
0.44513284 0.02396652
0.44903777 0.02445550
0.45294584 0.02493940
0.45685682 0.02541816
0.46077045 0.02589171
0.46468651 0.02636001
0.46860474 0.02682300
0.47252491 0.02728063
0.47644677 0.02773287
0.48037009 0.02817966
0.48429462 0.02862098
0.48822012 0.02905679
0.49214634 0.02948705
0.49607305 0.02991175
0.50000000 0.03033086
0.50392695 0.03074436
0.50785366 0.03115223
0.51177988 0.03155448
0.51570538 0.03195107
0.51962991 0.03234202
0.52355323 0.03272732
0.52747509 0.03310697
0.53139526 0.03348098
0.53531349 0.03384935
0.53922955 0.03421210
0.54314318 0.03456923
0.54705416 0.03492078
0.55096223 0.03526675
0.55486716 0.03560717
0.55876870 0.03594207
0.56266662 0.03627146
0.56656067 0.03659539
0.57045062 0.03691387
0.57433622 0.03722694
0.57821723 0.03753464
0.58209342 0.03783700
0.58596455 0.03813405
0.58983037 0.03842583
0.59369066 0.03871239
0.59754516 0.03899374
0.60139365 0.03926995
0.60523588 0.03954103
0.60907162 0.03980704
0.61290063 0.04006800
0.61672268 0.04032395
0.62053753 0.04057493
0.62434494 0.04082097
0.62814469 0.04106210
0.63193652 0.04129835
0.63572022 0.04152976
0.63949555 0.04175634
0.64326228 0.04197812
0.64702016 0.04219512
0.65076898 0.04240737
0.65450850 0.04261486
0.65823848 0.04281762
0.66195871 0.04301565
0.66566894 0.04320895
0.66936896 0.04339753
0.67305853 0.04358138
0.67673742 0.04376049
0.68040541 0.04393485
0.68406228 0.04410443
0.68770779 0.04426922
0.69134172 0.04442919
0.69496384 0.04458430
0.69857395 0.04473451
0.70217180 0.04487979
0.70575718 0.04502007
0.70932987 0.04515531
0.71288965 0.04528545
0.71643629 0.04541041
0.71996958 0.04553013
0.72348931 0.04564452
0.72699525 0.04575352
0.73048719 0.04585702
0.73396491 0.04595493
0.73742819 0.04604716
0.74087684 0.04613359
0.74431062 0.04621412
0.74772933 0.04628864
0.75113277 0.04635702
0.75452071 0.04641913
0.75789295 0.04647485
0.76124928 0.04652405
0.76458950 0.04656657
0.76791340 0.04660229
0.77122077 0.04663106
0.77451141 0.04665272
0.77778512 0.04666712
0.78104169 0.04667411
0.78428093 0.04667352
0.78750263 0.04666521
0.79070659 0.04664899
0.79389263 0.04662472
0.79706053 0.04659222
0.80021011 0.04655133
0.80334118 0.04650187
0.80645353 0.04644369
0.80954697 0.04637662
0.81262133 0.04630049
0.81567640 0.04621514
0.81871199 0.04612041
0.82172793 0.04601613
0.82472402 0.04590215
0.82770009 0.04577831
0.83065593 0.04564447
0.83359138 0.04550047
0.83650626 0.04534618
0.83940037 0.04518146
0.84227355 0.04500617
0.84512562 0.04482020
0.84795640 0.04462342
0.85076571 0.04441573
0.85355339 0.04419701
0.85631926 0.04396718
0.85906315 0.04372615
0.86178489 0.04347383
0.86448431 0.04321017
0.86716125 0.04293509
0.86981555 0.04264856
0.87244703 0.04235053
0.87505553 0.04204098
0.87764091 0.04171989
0.88020298 0.04138726
0.88274161 0.04104310
0.88525662 0.04068743
0.88774787 0.04032029
0.89021520 0.03994171
0.89265847 0.03955178
0.89507751 0.03915055
0.89747218 0.03873813
0.89984233 0.03831460
0.90218782 0.03788010
0.90450850 0.03743476
0.90680422 0.03697872
0.90907486 0.03651215
0.91132026 0.03603522
0.91354029 0.03554813
0.91573481 0.03505110
0.91790368 0.03454433
0.92004678 0.03402808
0.92216396 0.03350260
0.92425511 0.03296815
0.92632008 0.03242503
0.92835876 0.03187354
0.93037101 0.03131398
0.93235672 0.03074669
0.93431576 0.03017202
0.93624800 0.02959032
0.93815334 0.02900197
0.94003165 0.02840735
0.94188282 0.02780687
0.94370672 0.02720094
0.94550326 0.02658998
0.94727232 0.02597443
0.94901379 0.02535475
0.95072756 0.02473139
0.95241353 0.02410483
0.95407159 0.02347556
0.95570164 0.02284406
0.95730358 0.02221084
0.95887731 0.02157642
0.96042274 0.02094131
0.96193977 0.02030603
0.96342830 0.01967114
0.96488824 0.01903716
0.96631951 0.01840465
0.96772202 0.01777415
0.96909567 0.01714623
0.97044038 0.01652145
0.97175608 0.01590036
0.97304268 0.01528354
0.97430010 0.01467154
0.97552826 0.01406495
0.97672709 0.01346432
0.97789651 0.01287022
0.97903645 0.01228323
0.98014684 0.01170389
0.98122762 0.01113277
0.98227871 0.01057043
0.98330005 0.01001741
0.98429158 0.00947426
0.98525324 0.00894153
0.98618496 0.00841973
0.98708669 0.00790940
0.98795838 0.00741104
0.98879997 0.00692517
0.98961141 0.00645228
0.99039264 0.00599286
0.99114363 0.00554737
0.99186431 0.00511628
0.99255466 0.00470004
0.99321463 0.00429907
0.99384417 0.00391380
0.99444325 0.00354463
0.99501183 0.00319196
0.99554987 0.00285615
0.99605735 0.00253755
0.99653423 0.00223652
0.99698048 0.00195336
0.99739607 0.00168839
0.99778098 0.00144188
0.99813519 0.00121410
0.99845867 0.00100530
0.99875140 0.00081569
0.99901336 0.00064549
0.99924455 0.00049487
0.99944494 0.00036401
0.99961452 0.00025304
0.99975328 0.00016207
0.99986122 0.00009122
0.99993832 0.00004056
0.99998458 0.00001014
1.00000000 0.00000000
