2032c_CST
 1.00000000  0.00160000
 0.99982577  0.00163101
 0.99930321  0.00172437
 0.99843267  0.00188104
 0.99721476  0.00210257
 0.99565034  0.00239098
 0.99374049  0.00274873
 0.99148655  0.00317849
 0.98889008  0.00368307
 0.98595290  0.00426522
 0.98267704  0.00492748
 0.97906481  0.00567199
 0.97511870  0.00650039
 0.97084148  0.00741369
 0.96623611  0.00841210
 0.96130583  0.00949503
 0.95605405  0.01066102
 0.95048443  0.01190771
 0.94460087  0.01323190
 0.93840746  0.01462959
 0.93190852  0.01609610
 0.92510857  0.01762616
 0.91801235  0.01921409
 0.91062482  0.02085394
 0.90295112  0.02253968
 0.89499659  0.02426538
 0.88676678  0.02602536
 0.87826743  0.02781438
 0.86950446  0.02962775
 0.86048397  0.03146146
 0.85121226  0.03331227
 0.84169578  0.03517774
 0.83194117  0.03705623
 0.82195522  0.03894691
 0.81174490  0.04084964
 0.80131732  0.04276491
 0.79067974  0.04469368
 0.77983959  0.04663722
 0.76880441  0.04859694
 0.75758189  0.05057420
 0.74617987  0.05257011
 0.73460627  0.05458534
 0.72286918  0.05661996
 0.71097676  0.05867327
 0.69893731  0.06074369
 0.68675922  0.06282867
 0.67445097  0.06492464
 0.66202115  0.06702702
 0.64947841  0.06913024
 0.63683150  0.07122784
 0.62408922  0.07331260
 0.61126047  0.07537666
 0.59835417  0.07741177
 0.58537934  0.07940945
 0.57234500  0.08136126
 0.55926024  0.08325899
 0.54613418  0.08509490
 0.53297597  0.08686193
 0.51979478  0.08855388
 0.50659979  0.09016555
 0.49340021  0.09169285
 0.48020522  0.09313282
 0.46702403  0.09448369
 0.45386582  0.09574479
 0.44073976  0.09691646
 0.42765500  0.09799985
 0.41462066  0.09899679
 0.40164583  0.09990950
 0.38873953  0.10074030
 0.37591078  0.10149138
 0.36316850  0.10216446
 0.35052159  0.10276049
 0.33797885  0.10327941
 0.32554903  0.10371990
 0.31324078  0.10407916
 0.30106269  0.10435281
 0.28902324  0.10453476
 0.27713082  0.10461727
 0.26539373  0.10459096
 0.25382013  0.10444501
 0.24241811  0.10416733
 0.23119559  0.10374492
 0.22016041  0.10316418
 0.20932026  0.10241136
 0.19868268  0.10147301
 0.18825510  0.10033647
 0.17804478  0.09899038
 0.16805883  0.09742517
 0.15830422  0.09563352
 0.14878774  0.09361082
 0.13951603  0.09135553
 0.13049554  0.08886948
 0.12173257  0.08615809
 0.11323322  0.08323047
 0.10500341  0.08009944
 0.09704888  0.07678143
 0.08937518  0.07329625
 0.08198765  0.06966677
 0.07489143  0.06591848
 0.06809148  0.06207899
 0.06159254  0.05817739
 0.05539913  0.05424361
 0.04951557  0.05030769
 0.04394595  0.04639904
 0.03869417  0.04254571
 0.03376389  0.03877366
 0.02915852  0.03510610
 0.02488130  0.03156285
 0.02093519  0.02815987
 0.01732296  0.02490875
 0.01404710  0.02181649
 0.01110992  0.01888526
 0.00851345  0.01611241
 0.00625951  0.01349052
 0.00434966  0.01100764
 0.00278524  0.00864769
 0.00156733  0.00639091
 0.00069679  0.00421445
 0.00017423  0.00209310
 0.00000000  0.00000000
 0.00017423 -0.00067677
 0.00069679 -0.00133835
 0.00156733 -0.00196925
 0.00278524 -0.00255458
 0.00434966 -0.00308026
 0.00625951 -0.00353328
 0.00851345 -0.00390194
 0.01110992 -0.00417600
 0.01404710 -0.00434683
 0.01732296 -0.00440754
 0.02093519 -0.00435303
 0.02488130 -0.00418001
 0.02915852 -0.00388698
 0.03376389 -0.00347420
 0.03869417 -0.00294354
 0.04394595 -0.00229843
 0.04951557 -0.00154362
 0.05539913 -0.00068509
 0.06159254  0.00027020
 0.06809148  0.00131448
 0.07489143  0.00243938
 0.08198765  0.00363613
 0.08937518  0.00489573
 0.09704888  0.00620915
 0.10500341  0.00756749
 0.11323322  0.00896206
 0.12173257  0.01038456
 0.13049554  0.01182709
 0.13951603  0.01328228
 0.14878774  0.01474323
 0.15830422  0.01620360
 0.16805883  0.01765754
 0.17804478  0.01909965
 0.18825510  0.02052495
 0.19868268  0.02192881
 0.20932026  0.02330686
 0.22016041  0.02465494
 0.23119559  0.02596902
 0.24241811  0.02724515
 0.25382013  0.02847937
 0.26539373  0.02966771
 0.27713082  0.03080615
 0.28902324  0.03189062
 0.30106269  0.03291700
 0.31324078  0.03388115
 0.32554903  0.03477896
 0.33797885  0.03560643
 0.35052159  0.03635968
 0.36316850  0.03703511
 0.37591078  0.03762945
 0.38873953  0.03813982
 0.40164583  0.03856386
 0.41462066  0.03889981
 0.42765500  0.03914652
 0.44073976  0.03930359
 0.45386582  0.03937133
 0.46702403  0.03935086
 0.48020522  0.03924403
 0.49340021  0.03905345
 0.50659979  0.03878243
 0.51979478  0.03843495
 0.53297597  0.03801552
 0.54613418  0.03752915
 0.55926024  0.03698120
 0.57234500  0.03637729
 0.58537934  0.03572314
 0.59835417  0.03502452
 0.61126047  0.03428703
 0.62408922  0.03351610
 0.63683150  0.03271678
 0.64947841  0.03189374
 0.66202115  0.03105116
 0.67445097  0.03019267
 0.68675922  0.02932137
 0.69893731  0.02843975
 0.71097676  0.02754978
 0.72286918  0.02665288
 0.73460627  0.02575002
 0.74617987  0.02484176
 0.75758189  0.02392833
 0.76880441  0.02300975
 0.77983959  0.02208590
 0.79067974  0.02115663
 0.80131732  0.02022185
 0.81174490  0.01928163
 0.82195522  0.01833629
 0.83194117  0.01738642
 0.84169578  0.01643302
 0.85121226  0.01547744
 0.86048397  0.01452147
 0.86950446  0.01356731
 0.87826743  0.01261755
 0.88676678  0.01167514
 0.89499659  0.01074331
 0.90295112  0.00982555
 0.91062482  0.00892550
 0.91801235  0.00804686
 0.92510857  0.00719333
 0.93190852  0.00636849
 0.93840746  0.00557573
 0.94460087  0.00481815
 0.95048443  0.00409855
 0.95605405  0.00341928
 0.96130583  0.00278228
 0.96623611  0.00218902
 0.97084148  0.00164050
 0.97511870  0.00113725
 0.97906481  0.00067936
 0.98267704  0.00026653
 0.98595290 -0.00010188
 0.98889008 -0.00042680
 0.99148655 -0.00070933
 0.99374049 -0.00095072
 0.99565034 -0.00115224
 0.99721476 -0.00131514
 0.99843267 -0.00144053
 0.99930321 -0.00152938
 0.99982577 -0.00158238
 1.00000000 -0.00160000
