a18sm_CST
 1.00000000  0.00306650
 0.99982577  0.00310747
 0.99930321  0.00323027
 0.99843267  0.00343456
 0.99721476  0.00371979
 0.99565034  0.00408518
 0.99374049  0.00452972
 0.99148655  0.00505215
 0.98889008  0.00565097
 0.98595290  0.00632444
 0.98267704  0.00707054
 0.97906481  0.00788701
 0.97511870  0.00877135
 0.97084148  0.00972078
 0.96623611  0.01073231
 0.96130583  0.01180270
 0.95605405  0.01292851
 0.95048443  0.01410612
 0.94460087  0.01533175
 0.93840746  0.01660150
 0.93190852  0.01791136
 0.92510857  0.01925728
 0.91801235  0.02063522
 0.91062482  0.02204113
 0.90295112  0.02347105
 0.89499659  0.02492113
 0.88676678  0.02638766
 0.87826743  0.02786710
 0.86950446  0.02935612
 0.86048397  0.03085161
 0.85121226  0.03235069
 0.84169578  0.03385073
 0.83194117  0.03534934
 0.82195522  0.03684437
 0.81174490  0.03833388
 0.80131732  0.03981611
 0.79067974  0.04128948
 0.77983959  0.04275253
 0.76880441  0.04420388
 0.75758189  0.04564221
 0.74617987  0.04706619
 0.73460627  0.04847444
 0.72286918  0.04986549
 0.71097676  0.05123777
 0.69893731  0.05258951
 0.68675922  0.05391877
 0.67445097  0.05522340
 0.66202115  0.05650101
 0.64947841  0.05774899
 0.63683150  0.05896449
 0.62408922  0.06014446
 0.61126047  0.06128562
 0.59835417  0.06238457
 0.58537934  0.06343773
 0.57234500  0.06444147
 0.55926024  0.06539209
 0.54613418  0.06628591
 0.53297597  0.06711930
 0.51979478  0.06788876
 0.50659979  0.06859095
 0.49340021  0.06922273
 0.48020522  0.06978121
 0.46702403  0.07026382
 0.45386582  0.07066829
 0.44073976  0.07099272
 0.42765500  0.07123555
 0.41462066  0.07139562
 0.40164583  0.07147213
 0.38873953  0.07146464
 0.37591078  0.07137307
 0.36316850  0.07119766
 0.35052159  0.07093897
 0.33797885  0.07059781
 0.32554903  0.07017523
 0.31324078  0.06967249
 0.30106269  0.06909103
 0.28902324  0.06843241
 0.27713082  0.06769831
 0.26539373  0.06689048
 0.25382013  0.06601074
 0.24241811  0.06506096
 0.23119559  0.06404302
 0.22016041  0.06295885
 0.20932026  0.06181042
 0.19868268  0.06059972
 0.18825510  0.05932880
 0.17804478  0.05799977
 0.16805883  0.05661483
 0.15830422  0.05517628
 0.14878774  0.05368652
 0.13951603  0.05214811
 0.13049554  0.05056373
 0.12173257  0.04893626
 0.11323322  0.04726869
 0.10500341  0.04556422
 0.09704888  0.04382615
 0.08937518  0.04205797
 0.08198765  0.04026324
 0.07489143  0.03844561
 0.06809148  0.03660879
 0.06159254  0.03475647
 0.05539913  0.03289232
 0.04951557  0.03101988
 0.04394595  0.02914257
 0.03869417  0.02726359
 0.03376389  0.02538589
 0.02915852  0.02351213
 0.02488130  0.02164459
 0.02093519  0.01978520
 0.01732296  0.01793547
 0.01404710  0.01609647
 0.01110992  0.01426885
 0.00851345  0.01245280
 0.00625951  0.01064809
 0.00434966  0.00885411
 0.00278524  0.00706984
 0.00156733  0.00529399
 0.00069679  0.00352495
 0.00017423  0.00176093
 0.00000000  0.00000000
 0.00017423 -0.00142639
 0.00069679 -0.00284280
 0.00156733 -0.00423836
 0.00278524 -0.00560251
 0.00434966 -0.00692517
 0.00625951 -0.00819687
 0.00851345 -0.00940889
 0.01110992 -0.01055334
 0.01404710 -0.01162330
 0.01732296 -0.01261280
 0.02093519 -0.01351696
 0.02488130 -0.01433193
 0.02915852 -0.01505493
 0.03376389 -0.01568422
 0.03869417 -0.01621902
 0.04394595 -0.01665951
 0.04951557 -0.01700668
 0.05539913 -0.01726230
 0.06159254 -0.01742878
 0.06809148 -0.01750909
 0.07489143 -0.01750663
 0.08198765 -0.01742514
 0.08937518 -0.01726861
 0.09704888 -0.01704116
 0.10500341 -0.01674697
 0.11323322 -0.01639020
 0.12173257 -0.01597495
 0.13049554 -0.01550520
 0.13951603 -0.01498478
 0.14878774 -0.01441735
 0.15830422 -0.01380642
 0.16805883 -0.01315533
 0.17804478 -0.01246728
 0.18825510 -0.01174535
 0.19868268 -0.01099256
 0.20932026 -0.01021189
 0.22016041 -0.00940629
 0.23119559 -0.00857876
 0.24241811 -0.00773238
 0.25382013 -0.00687029
 0.26539373 -0.00599577
 0.27713082 -0.00511222
 0.28902324 -0.00422317
 0.30106269 -0.00333225
 0.31324078 -0.00244321
 0.32554903 -0.00155989
 0.33797885 -0.00068615
 0.35052159  0.00017414
 0.36316850  0.00101716
 0.37591078  0.00183917
 0.38873953  0.00263662
 0.40164583  0.00340611
 0.41462066  0.00414454
 0.42765500  0.00484905
 0.44073976  0.00551717
 0.45386582  0.00614674
 0.46702403  0.00673603
 0.48020522  0.00728368
 0.49340021  0.00778873
 0.50659979  0.00825061
 0.51979478  0.00866911
 0.53297597  0.00904437
 0.54613418  0.00937682
 0.55926024  0.00966717
 0.57234500  0.00991632
 0.58537934  0.01012536
 0.59835417  0.01029545
 0.61126047  0.01042784
 0.62408922  0.01052380
 0.63683150  0.01058455
 0.64947841  0.01061127
 0.66202115  0.01060502
 0.67445097  0.01056680
 0.68675922  0.01049744
 0.69893731  0.01039769
 0.71097676  0.01026819
 0.72286918  0.01010949
 0.73460627  0.00992208
 0.74617987  0.00970643
 0.75758189  0.00946302
 0.76880441  0.00919238
 0.77983959  0.00889515
 0.79067974  0.00857209
 0.80131732  0.00822415
 0.81174490  0.00785249
 0.82195522  0.00745849
 0.83194117  0.00704380
 0.84169578  0.00661034
 0.85121226  0.00616027
 0.86048397  0.00569603
 0.86950446  0.00522028
 0.87826743  0.00473589
 0.88676678  0.00424588
 0.89499659  0.00375342
 0.90295112  0.00326171
 0.91062482  0.00277399
 0.91801235  0.00229343
 0.92510857  0.00182310
 0.93190852  0.00136592
 0.93840746  0.00092456
 0.94460087  0.00050145
 0.95048443  0.00009873
 0.95605405 -0.00028180
 0.96130583 -0.00063871
 0.96623611 -0.00097090
 0.97084148 -0.00127763
 0.97511870 -0.00155851
 0.97906481 -0.00181345
 0.98267704 -0.00204265
 0.98595290 -0.00224655
 0.98889008 -0.00242577
 0.99148655 -0.00258108
 0.99374049 -0.00271332
 0.99565034 -0.00282336
 0.99721476 -0.00291204
 0.99843267 -0.00298014
 0.99930321 -0.00302829
 0.99982577 -0.00305697
 1.00000000 -0.00306650
