ah21-9_CST
 1.00000000  0.00000000
 0.99982577  0.00003947
 0.99930321  0.00015771
 0.99843267  0.00035420
 0.99721476  0.00062808
 0.99565034  0.00097814
 0.99374049  0.00140286
 0.99148655  0.00190041
 0.98889008  0.00246864
 0.98595290  0.00310515
 0.98267704  0.00380727
 0.97906481  0.00457206
 0.97511870  0.00539640
 0.97084148  0.00627696
 0.96623611  0.00721024
 0.96130583  0.00819259
 0.95605405  0.00922025
 0.95048443  0.01028935
 0.94460087  0.01139597
 0.93840746  0.01253612
 0.93190852  0.01370580
 0.92510857  0.01490102
 0.91801235  0.01611778
 0.91062482  0.01735214
 0.90295112  0.01860024
 0.89499659  0.01985826
 0.88676678  0.02112251
 0.87826743  0.02238937
 0.86950446  0.02365537
 0.86048397  0.02491717
 0.85121226  0.02617156
 0.84169578  0.02741550
 0.83194117  0.02864607
 0.82195522  0.02986056
 0.81174490  0.03105638
 0.80131732  0.03223114
 0.79067974  0.03338260
 0.77983959  0.03450870
 0.76880441  0.03560752
 0.75758189  0.03667733
 0.74617987  0.03771653
 0.73460627  0.03872369
 0.72286918  0.03969751
 0.71097676  0.04063683
 0.69893731  0.04154062
 0.68675922  0.04240795
 0.67445097  0.04323803
 0.66202115  0.04403015
 0.64947841  0.04478367
 0.63683150  0.04549806
 0.62408922  0.04617283
 0.61126047  0.04680756
 0.59835417  0.04740188
 0.58537934  0.04795546
 0.57234500  0.04846799
 0.55926024  0.04893920
 0.54613418  0.04936882
 0.53297597  0.04975663
 0.51979478  0.05010238
 0.50659979  0.05040587
 0.49340021  0.05066688
 0.48020522  0.05088521
 0.46702403  0.05106069
 0.45386582  0.05119314
 0.44073976  0.05128242
 0.42765500  0.05132841
 0.41462066  0.05133101
 0.40164583  0.05129018
 0.38873953  0.05120589
 0.37591078  0.05107817
 0.36316850  0.05090713
 0.35052159  0.05069289
 0.33797885  0.05043566
 0.32554903  0.05013570
 0.31324078  0.04979335
 0.30106269  0.04940899
 0.28902324  0.04898307
 0.27713082  0.04851612
 0.26539373  0.04800868
 0.25382013  0.04746139
 0.24241811  0.04687488
 0.23119559  0.04624985
 0.22016041  0.04558701
 0.20932026  0.04488707
 0.19868268  0.04415077
 0.18825510  0.04337881
 0.17804478  0.04257192
 0.16805883  0.04173076
 0.15830422  0.04085599
 0.14878774  0.03994821
 0.13951603  0.03900800
 0.13049554  0.03803586
 0.12173257  0.03703229
 0.11323322  0.03599771
 0.10500341  0.03493250
 0.09704888  0.03383704
 0.08937518  0.03271166
 0.08198765  0.03155666
 0.07489143  0.03037237
 0.06809148  0.02915911
 0.06159254  0.02791723
 0.05539913  0.02664713
 0.04951557  0.02534925
 0.04394595  0.02402413
 0.03869417  0.02267237
 0.03376389  0.02129470
 0.02915852  0.01989194
 0.02488130  0.01846507
 0.02093519  0.01701516
 0.01732296  0.01554348
 0.01404710  0.01405139
 0.01110992  0.01254044
 0.00851345  0.01101228
 0.00625951  0.00946874
 0.00434966  0.00791175
 0.00278524  0.00634336
 0.00156733  0.00476573
 0.00069679  0.00318108
 0.00017423  0.00159172
 0.00000000  0.00000000
 0.00017423 -0.00099096
 0.00069679 -0.00197843
 0.00156733 -0.00295897
 0.00278524 -0.00392922
 0.00434966 -0.00488591
 0.00625951 -0.00582595
 0.00851345 -0.00674639
 0.01110992 -0.00764453
 0.01404710 -0.00851788
 0.01732296 -0.00936422
 0.02093519 -0.01018157
 0.02488130 -0.01096827
 0.02915852 -0.01172293
 0.03376389 -0.01244445
 0.03869417 -0.01313203
 0.04394595 -0.01378512
 0.04951557 -0.01440346
 0.05539913 -0.01498704
 0.06159254 -0.01553605
 0.06809148 -0.01605092
 0.07489143 -0.01653221
 0.08198765 -0.01698066
 0.08937518 -0.01739711
 0.09704888 -0.01778247
 0.10500341 -0.01813773
 0.11323322 -0.01846387
 0.12173257 -0.01876187
 0.13049554 -0.01903268
 0.13951603 -0.01927719
 0.14878774 -0.01949620
 0.15830422 -0.01969042
 0.16805883 -0.01986044
 0.17804478 -0.02000676
 0.18825510 -0.02012974
 0.19868268 -0.02022963
 0.20932026 -0.02030656
 0.22016041 -0.02036057
 0.23119559 -0.02039162
 0.24241811 -0.02039959
 0.25382013 -0.02038433
 0.26539373 -0.02034565
 0.27713082 -0.02028337
 0.28902324 -0.02019734
 0.30106269 -0.02008743
 0.31324078 -0.01995361
 0.32554903 -0.01979593
 0.33797885 -0.01961454
 0.35052159 -0.01940973
 0.36316850 -0.01918191
 0.37591078 -0.01893163
 0.38873953 -0.01865958
 0.40164583 -0.01836658
 0.41462066 -0.01805360
 0.42765500 -0.01772171
 0.44073976 -0.01737208
 0.45386582 -0.01700597
 0.46702403 -0.01662471
 0.48020522 -0.01622964
 0.49340021 -0.01582213
 0.50659979 -0.01540354
 0.51979478 -0.01497518
 0.53297597 -0.01453832
 0.54613418 -0.01409412
 0.55926024 -0.01364367
 0.57234500 -0.01318793
 0.58537934 -0.01272776
 0.59835417 -0.01226389
 0.61126047 -0.01179693
 0.62408922 -0.01132739
 0.63683150 -0.01085567
 0.64947841 -0.01038209
 0.66202115 -0.00990692
 0.67445097 -0.00943040
 0.68675922 -0.00895275
 0.69893731 -0.00847423
 0.71097676 -0.00799514
 0.72286918 -0.00751587
 0.73460627 -0.00703693
 0.74617987 -0.00655896
 0.75758189 -0.00608277
 0.76880441 -0.00560932
 0.77983959 -0.00513978
 0.79067974 -0.00467548
 0.80131732 -0.00421795
 0.81174490 -0.00376890
 0.82195522 -0.00333017
 0.83194117 -0.00290374
 0.84169578 -0.00249167
 0.85121226 -0.00209608
 0.86048397 -0.00171910
 0.86950446 -0.00136281
 0.87826743 -0.00102920
 0.88676678 -0.00072012
 0.89499659 -0.00043722
 0.90295112 -0.00018190
 0.91062482  0.00004474
 0.91801235  0.00024191
 0.92510857  0.00040923
 0.93190852  0.00054669
 0.93840746  0.00065471
 0.94460087  0.00073413
 0.95048443  0.00078621
 0.95605405  0.00081263
 0.96130583  0.00081544
 0.96623611  0.00079705
 0.97084148  0.00076017
 0.97511870  0.00070778
 0.97906481  0.00064304
 0.98267704  0.00056923
 0.98595290  0.00048969
 0.98889008  0.00040775
 0.99148655  0.00032663
 0.99374049  0.00024939
 0.99565034  0.00017883
 0.99721476  0.00011745
 0.99843267  0.00006740
 0.99930321  0.00003038
 0.99982577  0.00000766
 1.00000000  0.00000000
