e377_CST
 1.00000000 -0.00000000
 0.99982577  0.00001993
 0.99930321  0.00007996
 0.99843267  0.00018090
 0.99721476  0.00032400
 0.99565034  0.00051096
 0.99374049  0.00074386
 0.99148655  0.00102507
 0.98889008  0.00135713
 0.98595290  0.00174268
 0.98267704  0.00218437
 0.97906481  0.00268471
 0.97511870  0.00324599
 0.97084148  0.00387021
 0.96623611  0.00455895
 0.96130583  0.00531336
 0.95605405  0.00613406
 0.95048443  0.00702115
 0.94460087  0.00797419
 0.93840746  0.00899217
 0.93190852  0.01007362
 0.92510857  0.01121659
 0.91801235  0.01241874
 0.91062482  0.01367742
 0.90295112  0.01498975
 0.89499659  0.01635272
 0.88676678  0.01776329
 0.87826743  0.01921848
 0.86950446  0.02071544
 0.86048397  0.02225158
 0.85121226  0.02382456
 0.84169578  0.02543242
 0.83194117  0.02707355
 0.82195522  0.02874671
 0.81174490  0.03045107
 0.80131732  0.03218611
 0.79067974  0.03395159
 0.77983959  0.03574753
 0.76880441  0.03757403
 0.75758189  0.03943126
 0.74617987  0.04131930
 0.73460627  0.04323804
 0.72286918  0.04518707
 0.71097676  0.04716557
 0.69893731  0.04917219
 0.68675922  0.05120496
 0.67445097  0.05326124
 0.66202115  0.05533763
 0.64947841  0.05742993
 0.63683150  0.05953317
 0.62408922  0.06164154
 0.61126047  0.06374849
 0.59835417  0.06584676
 0.58537934  0.06792844
 0.57234500  0.06998508
 0.55926024  0.07200780
 0.54613418  0.07398738
 0.53297597  0.07591446
 0.51979478  0.07777959
 0.50659979  0.07957342
 0.49340021  0.08128683
 0.48020522  0.08291103
 0.46702403  0.08443766
 0.45386582  0.08585894
 0.44073976  0.08716770
 0.42765500  0.08835746
 0.41462066  0.08942248
 0.40164583  0.09035776
 0.38873953  0.09115907
 0.37591078  0.09182293
 0.36316850  0.09234656
 0.35052159  0.09272787
 0.33797885  0.09296536
 0.32554903  0.09305813
 0.31324078  0.09300574
 0.30106269  0.09280823
 0.28902324  0.09246599
 0.27713082  0.09197976
 0.26539373  0.09135055
 0.25382013  0.09057965
 0.24241811  0.08966859
 0.23119559  0.08861915
 0.22016041  0.08743335
 0.20932026  0.08611350
 0.19868268  0.08466225
 0.18825510  0.08308259
 0.17804478  0.08137793
 0.16805883  0.07955216
 0.15830422  0.07760969
 0.14878774  0.07555552
 0.13951603  0.07339527
 0.13049554  0.07113519
 0.12173257  0.06878222
 0.11323322  0.06634395
 0.10500341  0.06382860
 0.09704888  0.06124499
 0.08937518  0.05860247
 0.08198765  0.05591079
 0.07489143  0.05318003
 0.06809148  0.05042046
 0.06159254  0.04764235
 0.05539913  0.04485586
 0.04951557  0.04207083
 0.04394595  0.03929659
 0.03869417  0.03654183
 0.03376389  0.03381440
 0.02915852  0.03112114
 0.02488130  0.02846778
 0.02093519  0.02585877
 0.01732296  0.02329725
 0.01404710  0.02078492
 0.01110992  0.01832206
 0.00851345  0.01590754
 0.00625951  0.01353884
 0.00434966  0.01121212
 0.00278524  0.00892237
 0.00156733  0.00666353
 0.00069679  0.00442867
 0.00017423  0.00221018
 0.00000000  0.00000000
 0.00017423 -0.00089569
 0.00069679 -0.00176057
 0.00156733 -0.00256437
 0.00278524 -0.00327789
 0.00434966 -0.00387350
 0.00625951 -0.00432559
 0.00851345 -0.00461100
 0.01110992 -0.00470939
 0.01404710 -0.00460353
 0.01732296 -0.00427951
 0.02093519 -0.00372693
 0.02488130 -0.00293894
 0.02915852 -0.00191230
 0.03376389 -0.00064726
 0.03869417  0.00085255
 0.04394595  0.00258029
 0.04951557  0.00452620
 0.05539913  0.00667787
 0.06159254  0.00902055
 0.06809148  0.01153754
 0.07489143  0.01421052
 0.08198765  0.01701997
 0.08937518  0.01994546
 0.09704888  0.02296608
 0.10500341  0.02606073
 0.11323322  0.02920841
 0.12173257  0.03238854
 0.13049554  0.03558111
 0.13951603  0.03876694
 0.14878774  0.04192777
 0.15830422  0.04504643
 0.16805883  0.04810682
 0.17804478  0.05109405
 0.18825510  0.05399433
 0.19868268  0.05679504
 0.20932026  0.05948465
 0.22016041  0.06205265
 0.23119559  0.06448952
 0.24241811  0.06678664
 0.25382013  0.06893625
 0.26539373  0.07093135
 0.27713082  0.07276572
 0.28902324  0.07443385
 0.30106269  0.07593095
 0.31324078  0.07725291
 0.32554903  0.07839636
 0.33797885  0.07935868
 0.35052159  0.08013805
 0.36316850  0.08073348
 0.37591078  0.08114488
 0.38873953  0.08137310
 0.40164583  0.08141997
 0.41462066  0.08128836
 0.42765500  0.08098215
 0.44073976  0.08050630
 0.45386582  0.07986678
 0.46702403  0.07907055
 0.48020522  0.07812552
 0.49340021  0.07704042
 0.50659979  0.07582476
 0.51979478  0.07448862
 0.53297597  0.07304258
 0.54613418  0.07149752
 0.55926024  0.06986448
 0.57234500  0.06815446
 0.58537934  0.06637831
 0.59835417  0.06454648
 0.61126047  0.06266897
 0.62408922  0.06075512
 0.63683150  0.05881354
 0.64947841  0.05685204
 0.66202115  0.05487753
 0.67445097  0.05289602
 0.68675922  0.05091263
 0.69893731  0.04893163
 0.71097676  0.04695647
 0.72286918  0.04498991
 0.73460627  0.04303409
 0.74617987  0.04109069
 0.75758189  0.03916107
 0.76880441  0.03724639
 0.77983959  0.03534775
 0.79067974  0.03346639
 0.80131732  0.03160374
 0.81174490  0.02976157
 0.82195522  0.02794209
 0.83194117  0.02614797
 0.84169578  0.02438241
 0.85121226  0.02264913
 0.86048397  0.02095234
 0.86950446  0.01929669
 0.87826743  0.01768717
 0.88676678  0.01612901
 0.89499659  0.01462755
 0.90295112  0.01318810
 0.91062482  0.01181576
 0.91801235  0.01051529
 0.92510857  0.00929096
 0.93190852  0.00814634
 0.93840746  0.00708426
 0.94460087  0.00610664
 0.95048443  0.00521444
 0.95605405  0.00440757
 0.96130583  0.00368492
 0.96623611  0.00304434
 0.97084148  0.00248273
 0.97511870  0.00199606
 0.97906481  0.00157955
 0.98267704  0.00122780
 0.98595290  0.00093492
 0.98889008  0.00069479
 0.99148655  0.00050116
 0.99374049  0.00034797
 0.99565034  0.00022942
 0.99721476  0.00014028
 0.99843267  0.00007599
 0.99930321  0.00003284
 0.99982577  0.00000807
 1.00000000 -0.00000000
