hs1430_CST
 1.00000000  0.02026272
 0.99982577  0.02037989
 0.99930321  0.02073071
 0.99843267  0.02131306
 0.99721476  0.02212345
 0.99565034  0.02315707
 0.99374049  0.02440783
 0.99148655  0.02586847
 0.98889008  0.02753063
 0.98595290  0.02938497
 0.98267704  0.03142129
 0.97906481  0.03362865
 0.97511870  0.03599554
 0.97084148  0.03850998
 0.96623611  0.04115969
 0.96130583  0.04393221
 0.95605405  0.04681508
 0.95048443  0.04979595
 0.94460087  0.05286270
 0.93840746  0.05600358
 0.93190852  0.05920731
 0.92510857  0.06246317
 0.91801235  0.06576107
 0.91062482  0.06909163
 0.90295112  0.07244620
 0.89499659  0.07581692
 0.88676678  0.07919666
 0.87826743  0.08257910
 0.86950446  0.08595863
 0.86048397  0.08933033
 0.85121226  0.09268993
 0.84169578  0.09603370
 0.83194117  0.09935841
 0.82195522  0.10266121
 0.81174490  0.10593957
 0.80131732  0.10919114
 0.79067974  0.11241369
 0.77983959  0.11560500
 0.76880441  0.11876278
 0.75758189  0.12188460
 0.74617987  0.12496779
 0.73460627  0.12800942
 0.72286918  0.13100625
 0.71097676  0.13395469
 0.69893731  0.13685080
 0.68675922  0.13969030
 0.67445097  0.14246858
 0.66202115  0.14518076
 0.64947841  0.14782170
 0.63683150  0.15038609
 0.62408922  0.15286854
 0.61126047  0.15526360
 0.59835417  0.15756590
 0.58537934  0.15977021
 0.57234500  0.16187151
 0.55926024  0.16386510
 0.54613418  0.16574663
 0.53297597  0.16751222
 0.51979478  0.16915844
 0.50659979  0.17068240
 0.49340021  0.17208173
 0.48020522  0.17335462
 0.46702403  0.17449977
 0.45386582  0.17551638
 0.44073976  0.17640410
 0.42765500  0.17716297
 0.41462066  0.17779334
 0.40164583  0.17829577
 0.38873953  0.17867098
 0.37591078  0.17891968
 0.36316850  0.17904255
 0.35052159  0.17904007
 0.33797885  0.17891248
 0.32554903  0.17865964
 0.31324078  0.17828101
 0.30106269  0.17777554
 0.28902324  0.17714165
 0.27713082  0.17637718
 0.26539373  0.17547941
 0.25382013  0.17444506
 0.24241811  0.17327030
 0.23119559  0.17195085
 0.22016041  0.17048199
 0.20932026  0.16885871
 0.19868268  0.16707575
 0.18825510  0.16512777
 0.17804478  0.16300944
 0.16805883  0.16071557
 0.15830422  0.15824129
 0.14878774  0.15558210
 0.13951603  0.15273404
 0.13049554  0.14969384
 0.12173257  0.14645895
 0.11323322  0.14302770
 0.10500341  0.13939931
 0.09704888  0.13557402
 0.08937518  0.13155305
 0.08198765  0.12733870
 0.07489143  0.12293424
 0.06809148  0.11834400
 0.06159254  0.11357324
 0.05539913  0.10862813
 0.04951557  0.10351570
 0.04394595  0.09824369
 0.03869417  0.09282053
 0.03376389  0.08725518
 0.02915852  0.08155709
 0.02488130  0.07573603
 0.02093519  0.06980207
 0.01732296  0.06376542
 0.01404710  0.05763641
 0.01110992  0.05142537
 0.00851345  0.04514261
 0.00625951  0.03879836
 0.00434966  0.03240274
 0.00278524  0.02596576
 0.00156733  0.01949728
 0.00069679  0.01300707
 0.00017423  0.00650478
 0.00000000  0.00000000
 0.00017423 -0.00591454
 0.00069679 -0.01181448
 0.00156733 -0.01767841
 0.00278524 -0.02348537
 0.00434966 -0.02921511
 0.00625951 -0.03484831
 0.00851345 -0.04036674
 0.01110992 -0.04575344
 0.01404710 -0.05099292
 0.01732296 -0.05607120
 0.02093519 -0.06097599
 0.02488130 -0.06569667
 0.02915852 -0.07022441
 0.03376389 -0.07455211
 0.03869417 -0.07867441
 0.04394595 -0.08258762
 0.04951557 -0.08628968
 0.05539913 -0.08978005
 0.06159254 -0.09305960
 0.06809148 -0.09613049
 0.07489143 -0.09899601
 0.08198765 -0.10166049
 0.08937518 -0.10412911
 0.09704888 -0.10640778
 0.10500341 -0.10850297
 0.11323322 -0.11042161
 0.12173257 -0.11217094
 0.13049554 -0.11375837
 0.13951603 -0.11519141
 0.14878774 -0.11647755
 0.15830422 -0.11762420
 0.16805883 -0.11863859
 0.17804478 -0.11952772
 0.18825510 -0.12029831
 0.19868268 -0.12095678
 0.20932026 -0.12150922
 0.22016041 -0.12196133
 0.23119559 -0.12231848
 0.24241811 -0.12258561
 0.25382013 -0.12276733
 0.26539373 -0.12286784
 0.27713082 -0.12289095
 0.28902324 -0.12284011
 0.30106269 -0.12271839
 0.31324078 -0.12252851
 0.32554903 -0.12227282
 0.33797885 -0.12195330
 0.35052159 -0.12157161
 0.36316850 -0.12112909
 0.37591078 -0.12062674
 0.38873953 -0.12006527
 0.40164583 -0.11944513
 0.41462066 -0.11876650
 0.42765500 -0.11802935
 0.44073976 -0.11723349
 0.45386582 -0.11637855
 0.46702403 -0.11546410
 0.48020522 -0.11448965
 0.49340021 -0.11345473
 0.50659979 -0.11235891
 0.51979478 -0.11120190
 0.53297597 -0.10998358
 0.54613418 -0.10870404
 0.55926024 -0.10736367
 0.57234500 -0.10596314
 0.58537934 -0.10450351
 0.59835417 -0.10298618
 0.61126047 -0.10141297
 0.62408922 -0.09978607
 0.63683150 -0.09810808
 0.64947841 -0.09638197
 0.66202115 -0.09461104
 0.67445097 -0.09279890
 0.68675922 -0.09094942
 0.69893731 -0.08906664
 0.71097676 -0.08715475
 0.72286918 -0.08521797
 0.73460627 -0.08326054
 0.74617987 -0.08128659
 0.75758189 -0.07930010
 0.76880441 -0.07730484
 0.77983959 -0.07530431
 0.79067974 -0.07330171
 0.80131732 -0.07129989
 0.81174490 -0.06930134
 0.82195522 -0.06730818
 0.83194117 -0.06532222
 0.84169578 -0.06334494
 0.85121226 -0.06137754
 0.86048397 -0.05942102
 0.86950446 -0.05747625
 0.87826743 -0.05554404
 0.88676678 -0.05362524
 0.89499659 -0.05172083
 0.90295112 -0.04983200
 0.91062482 -0.04796027
 0.91801235 -0.04610754
 0.92510857 -0.04427622
 0.93190852 -0.04246925
 0.93840746 -0.04069014
 0.94460087 -0.03894306
 0.95048443 -0.03723278
 0.95605405 -0.03556473
 0.96130583 -0.03394490
 0.96623611 -0.03237984
 0.97084148 -0.03087656
 0.97511870 -0.02944245
 0.97906481 -0.02808514
 0.98267704 -0.02681242
 0.98595290 -0.02563206
 0.98889008 -0.02455169
 0.99148655 -0.02357866
 0.99374049 -0.02271985
 0.99565034 -0.02198158
 0.99721476 -0.02136945
 0.99843267 -0.02088820
 0.99930321 -0.02054165
 0.99982577 -0.02033259
 1.00000000 -0.02026272
