kc135winglet_CST
 1.00000000  0.00235228
 0.99982577  0.00239467
 0.99930321  0.00252152
 0.99843267  0.00273198
 0.99721476  0.00302459
 0.99565034  0.00339740
 0.99374049  0.00384799
 0.99148655  0.00437354
 0.98889008  0.00497092
 0.98595290  0.00563674
 0.98267704  0.00636747
 0.97906481  0.00715951
 0.97511870  0.00800927
 0.97084148  0.00891324
 0.96623611  0.00986807
 0.96130583  0.01087065
 0.95605405  0.01191807
 0.95048443  0.01300775
 0.94460087  0.01413737
 0.93840746  0.01530491
 0.93190852  0.01650861
 0.92510857  0.01774693
 0.91801235  0.01901852
 0.91062482  0.02032216
 0.90295112  0.02165665
 0.89499659  0.02302080
 0.88676678  0.02441330
 0.87826743  0.02583268
 0.86950446  0.02727721
 0.86048397  0.02874486
 0.85121226  0.03023325
 0.84169578  0.03173957
 0.83194117  0.03326061
 0.82195522  0.03479268
 0.81174490  0.03633170
 0.80131732  0.03787313
 0.79067974  0.03941209
 0.77983959  0.04094337
 0.76880441  0.04246150
 0.75758189  0.04396084
 0.74617987  0.04543566
 0.73460627  0.04688025
 0.72286918  0.04828898
 0.71097676  0.04965644
 0.69893731  0.05097749
 0.68675922  0.05224738
 0.67445097  0.05346180
 0.66202115  0.05461694
 0.64947841  0.05570955
 0.63683150  0.05673698
 0.62408922  0.05769718
 0.61126047  0.05858868
 0.59835417  0.05941063
 0.58537934  0.06016271
 0.57234500  0.06084510
 0.55926024  0.06145843
 0.54613418  0.06200372
 0.53297597  0.06248227
 0.51979478  0.06289562
 0.50659979  0.06324545
 0.49340021  0.06353350
 0.48020522  0.06376153
 0.46702403  0.06393121
 0.45386582  0.06404411
 0.44073976  0.06410164
 0.42765500  0.06410500
 0.41462066  0.06405522
 0.40164583  0.06395310
 0.38873953  0.06379925
 0.37591078  0.06359411
 0.36316850  0.06333800
 0.35052159  0.06303113
 0.33797885  0.06267365
 0.32554903  0.06226572
 0.31324078  0.06180757
 0.30106269  0.06129949
 0.28902324  0.06074196
 0.27713082  0.06013559
 0.26539373  0.05948123
 0.25382013  0.05877991
 0.24241811  0.05803293
 0.23119559  0.05724174
 0.22016041  0.05640801
 0.20932026  0.05553356
 0.19868268  0.05462028
 0.18825510  0.05367013
 0.17804478  0.05268503
 0.16805883  0.05166683
 0.15830422  0.05061720
 0.14878774  0.04953760
 0.13951603  0.04842917
 0.13049554  0.04729274
 0.12173257  0.04612871
 0.11323322  0.04493707
 0.10500341  0.04371736
 0.09704888  0.04246869
 0.08937518  0.04118971
 0.08198765  0.03987872
 0.07489143  0.03853365
 0.06809148  0.03715218
 0.06159254  0.03573178
 0.05539913  0.03426985
 0.04951557  0.03276381
 0.04394595  0.03121121
 0.03869417  0.02960982
 0.03376389  0.02795782
 0.02915852  0.02625380
 0.02488130  0.02449697
 0.02093519  0.02268715
 0.01732296  0.02082492
 0.01404710  0.01891161
 0.01110992  0.01694938
 0.00851345  0.01494118
 0.00625951  0.01289078
 0.00434966  0.01080272
 0.00278524  0.00868222
 0.00156733  0.00653513
 0.00069679  0.00436784
 0.00017423  0.00218711
 0.00000000  0.00000000
 0.00017423 -0.00087182
 0.00069679 -0.00173877
 0.00156733 -0.00259528
 0.00278524 -0.00343607
 0.00434966 -0.00425617
 0.00625951 -0.00505114
 0.00851345 -0.00581706
 0.01110992 -0.00655069
 0.01404710 -0.00724947
 0.01732296 -0.00791155
 0.02093519 -0.00853585
 0.02488130 -0.00912202
 0.02915852 -0.00967041
 0.03376389 -0.01018202
 0.03869417 -0.01065845
 0.04394595 -0.01110181
 0.04951557 -0.01151463
 0.05539913 -0.01189972
 0.06159254 -0.01226014
 0.06809148 -0.01259900
 0.07489143 -0.01291942
 0.08198765 -0.01322438
 0.08937518 -0.01351666
 0.09704888 -0.01379873
 0.10500341 -0.01407267
 0.11323322 -0.01434014
 0.12173257 -0.01460234
 0.13049554 -0.01485995
 0.13951603 -0.01511316
 0.14878774 -0.01536165
 0.15830422 -0.01560466
 0.16805883 -0.01584097
 0.17804478 -0.01606900
 0.18825510 -0.01628683
 0.19868268 -0.01649231
 0.20932026 -0.01668308
 0.22016041 -0.01685667
 0.23119559 -0.01701059
 0.24241811 -0.01714234
 0.25382013 -0.01724951
 0.26539373 -0.01732983
 0.27713082 -0.01738118
 0.28902324 -0.01740168
 0.30106269 -0.01738962
 0.31324078 -0.01734357
 0.32554903 -0.01726232
 0.33797885 -0.01714485
 0.35052159 -0.01699040
 0.36316850 -0.01679833
 0.37591078 -0.01656820
 0.38873953 -0.01629968
 0.40164583 -0.01599252
 0.41462066 -0.01564656
 0.42765500 -0.01526166
 0.44073976 -0.01483775
 0.45386582 -0.01437475
 0.46702403 -0.01387263
 0.48020522 -0.01333137
 0.49340021 -0.01275103
 0.50659979 -0.01213176
 0.51979478 -0.01147381
 0.53297597 -0.01077764
 0.54613418 -0.01004390
 0.55926024 -0.00927355
 0.57234500 -0.00846788
 0.58537934 -0.00762855
 0.59835417 -0.00675771
 0.61126047 -0.00585797
 0.62408922 -0.00493249
 0.63683150 -0.00398496
 0.64947841 -0.00301967
 0.66202115 -0.00204146
 0.67445097 -0.00105574
 0.68675922 -0.00006840
 0.69893731  0.00091417
 0.71097676  0.00188518
 0.72286918  0.00283755
 0.73460627  0.00376393
 0.74617987  0.00465690
 0.75758189  0.00550901
 0.76880441  0.00631293
 0.77983959  0.00706161
 0.79067974  0.00774833
 0.80131732  0.00836691
 0.81174490  0.00891176
 0.82195522  0.00937803
 0.83194117  0.00976169
 0.84169578  0.01005962
 0.85121226  0.01026968
 0.86048397  0.01039073
 0.86950446  0.01042273
 0.87826743  0.01036667
 0.88676678  0.01022461
 0.89499659  0.00999963
 0.90295112  0.00969583
 0.91062482  0.00931820
 0.91801235  0.00887259
 0.92510857  0.00836560
 0.93190852  0.00780450
 0.93840746  0.00719711
 0.94460087  0.00655168
 0.95048443  0.00587677
 0.95605405  0.00518118
 0.96130583  0.00447375
 0.96623611  0.00376333
 0.97084148  0.00305865
 0.97511870  0.00236818
 0.97906481  0.00170010
 0.98267704  0.00106218
 0.98595290  0.00046173
 0.98889008 -0.00009450
 0.99148655 -0.00060031
 0.99374049 -0.00105018
 0.99565034 -0.00143923
 0.99721476 -0.00176330
 0.99843267 -0.00201895
 0.99930321 -0.00220349
 0.99982577 -0.00231499
 1.00000000 -0.00235228
