l1003_CST
 1.00000000  0.00000000
 0.99982577 -0.00002061
 0.99930321 -0.00008130
 0.99843267 -0.00017864
 0.99721476 -0.00030706
 0.99565034 -0.00045903
 0.99374049 -0.00062528
 0.99148655 -0.00079517
 0.98889008 -0.00095697
 0.98595290 -0.00109830
 0.98267704 -0.00120651
 0.97906481 -0.00126908
 0.97511870 -0.00127404
 0.97084148 -0.00121033
 0.96623611 -0.00106815
 0.96130583 -0.00083921
 0.95605405 -0.00051699
 0.95048443 -0.00009688
 0.94460087  0.00042371
 0.93840746  0.00104540
 0.93190852  0.00176685
 0.92510857  0.00258494
 0.91801235  0.00349497
 0.91062482  0.00449097
 0.90295112  0.00556598
 0.89499659  0.00671244
 0.88676678  0.00792261
 0.87826743  0.00918894
 0.86950446  0.01050449
 0.86048397  0.01186333
 0.85121226  0.01326088
 0.84169578  0.01469422
 0.83194117  0.01616235
 0.82195522  0.01766637
 0.81174490  0.01920959
 0.80131732  0.02079755
 0.79067974  0.02243797
 0.77983959  0.02414060
 0.76880441  0.02591701
 0.75758189  0.02778029
 0.74617987  0.02974464
 0.73460627  0.03182502
 0.72286918  0.03403661
 0.71097676  0.03639434
 0.69893731  0.03891235
 0.68675922  0.04160349
 0.67445097  0.04447877
 0.66202115  0.04754694
 0.64947841  0.05081395
 0.63683150  0.05428268
 0.62408922  0.05795252
 0.61126047  0.06181919
 0.59835417  0.06587456
 0.58537934  0.07010657
 0.57234500  0.07449928
 0.55926024  0.07903291
 0.54613418  0.08368414
 0.53297597  0.08842629
 0.51979478  0.09322973
 0.50659979  0.09806226
 0.49340021  0.10288963
 0.48020522  0.10767600
 0.46702403  0.11238454
 0.45386582  0.11697794
 0.44073976  0.12141903
 0.42765500  0.12567129
 0.41462066  0.12969942
 0.40164583  0.13346982
 0.38873953  0.13695109
 0.37591078  0.14011440
 0.36316850  0.14293388
 0.35052159  0.14538691
 0.33797885  0.14745433
 0.32554903  0.14912064
 0.31324078  0.15037411
 0.30106269  0.15120677
 0.28902324  0.15161444
 0.27713082  0.15159662
 0.26539373  0.15115643
 0.25382013  0.15030036
 0.24241811  0.14903812
 0.23119559  0.14738241
 0.22016041  0.14534864
 0.20932026  0.14295467
 0.19868268  0.14022053
 0.18825510  0.13716809
 0.17804478  0.13382086
 0.16805883  0.13020358
 0.15830422  0.12634203
 0.14878774  0.12226272
 0.13951603  0.11799261
 0.13049554  0.11355886
 0.12173257  0.10898860
 0.11323322  0.10430866
 0.10500341  0.09954539
 0.09704888  0.09472439
 0.08937518  0.08987035
 0.08198765  0.08500683
 0.07489143  0.08015606
 0.06809148  0.07533881
 0.06159254  0.07057417
 0.05539913  0.06587942
 0.04951557  0.06126991
 0.04394595  0.05675887
 0.03869417  0.05235739
 0.03376389  0.04807427
 0.02915852  0.04391595
 0.02488130  0.03988651
 0.02093519  0.03598764
 0.01732296  0.03221864
 0.01404710  0.02857646
 0.01110992  0.02505581
 0.00851345  0.02164925
 0.00625951  0.01834733
 0.00434966  0.01513876
 0.00278524  0.01201061
 0.00156733  0.00894856
 0.00069679  0.00593712
 0.00017423  0.00295993
 0.00000000  0.00000000
 0.00017423 -0.00509228
 0.00069679 -0.01012156
 0.00156733 -0.01502622
 0.00278524 -0.01974736
 0.00434966 -0.02423007
 0.00625951 -0.02842460
 0.00851345 -0.03228732
 0.01110992 -0.03578165
 0.01404710 -0.03887865
 0.01732296 -0.04155747
 0.02093519 -0.04380564
 0.02488130 -0.04561901
 0.02915852 -0.04700162
 0.03376389 -0.04796522
 0.03869417 -0.04852877
 0.04394595 -0.04871759
 0.04951557 -0.04856252
 0.05539913 -0.04809889
 0.06159254 -0.04736541
 0.06809148 -0.04640307
 0.07489143 -0.04525400
 0.08198765 -0.04396032
 0.08937518 -0.04256309
 0.09704888 -0.04110136
 0.10500341 -0.03961126
 0.11323322 -0.03812533
 0.12173257 -0.03667188
 0.13049554 -0.03527461
 0.13951603 -0.03395234
 0.14878774 -0.03271892
 0.15830422 -0.03158332
 0.16805883 -0.03054980
 0.17804478 -0.02961834
 0.18825510 -0.02878504
 0.19868268 -0.02804271
 0.20932026 -0.02738149
 0.22016041 -0.02678954
 0.23119559 -0.02625369
 0.24241811 -0.02576015
 0.25382013 -0.02529514
 0.26539373 -0.02484549
 0.27713082 -0.02439912
 0.28902324 -0.02394552
 0.30106269 -0.02347607
 0.31324078 -0.02298422
 0.32554903 -0.02246568
 0.33797885 -0.02191837
 0.35052159 -0.02134236
 0.36316850 -0.02073972
 0.37591078 -0.02011421
 0.38873953 -0.01947100
 0.40164583 -0.01881633
 0.41462066 -0.01815705
 0.42765500 -0.01750030
 0.44073976 -0.01685310
 0.45386582 -0.01622194
 0.46702403 -0.01561255
 0.48020522 -0.01502956
 0.49340021 -0.01447633
 0.50659979 -0.01395480
 0.51979478 -0.01346545
 0.53297597 -0.01300733
 0.54613418 -0.01257809
 0.55926024 -0.01217419
 0.57234500 -0.01179109
 0.58537934 -0.01142346
 0.59835417 -0.01106556
 0.61126047 -0.01071143
 0.62408922 -0.01035528
 0.63683150 -0.00999177
 0.64947841 -0.00961626
 0.66202115 -0.00922504
 0.67445097 -0.00881559
 0.68675922 -0.00838664
 0.69893731 -0.00793829
 0.71097676 -0.00747200
 0.72286918 -0.00699056
 0.73460627 -0.00649799
 0.74617987 -0.00599933
 0.75758189 -0.00550049
 0.76880441 -0.00500795
 0.77983959 -0.00452849
 0.79067974 -0.00406894
 0.80131732 -0.00363584
 0.81174490 -0.00323516
 0.82195522 -0.00287208
 0.83194117 -0.00255074
 0.84169578 -0.00227404
 0.85121226 -0.00204356
 0.86048397 -0.00185944
 0.86950446 -0.00172041
 0.87826743 -0.00162379
 0.88676678 -0.00156566
 0.89499659 -0.00154094
 0.90295112 -0.00154369
 0.91062482 -0.00156726
 0.91801235 -0.00160462
 0.92510857 -0.00164862
 0.93190852 -0.00169231
 0.93840746 -0.00172915
 0.94460087 -0.00175336
 0.95048443 -0.00176007
 0.95605405 -0.00174555
 0.96130583 -0.00170731
 0.96623611 -0.00164425
 0.97084148 -0.00155658
 0.97511870 -0.00144590
 0.97906481 -0.00131503
 0.98267704 -0.00116789
 0.98595290 -0.00100932
 0.98889008 -0.00084487
 0.99148655 -0.00068049
 0.99374049 -0.00052231
 0.99565034 -0.00037634
 0.99721476 -0.00024821
 0.99843267 -0.00014291
 0.99930321 -0.00006458
 0.99982577 -0.00001631
 1.00000000  0.00000000
