raf15_CST
 1.00000000  0.00000000
 0.99982577  0.00005370
 0.99930321  0.00021407
 0.99843267  0.00047890
 0.99721476  0.00084461
 0.99565034  0.00130629
 0.99374049  0.00185788
 0.99148655  0.00249228
 0.98889008  0.00320160
 0.98595290  0.00397729
 0.98267704  0.00481041
 0.97906481  0.00569184
 0.97511870  0.00661246
 0.97084148  0.00756345
 0.96623611  0.00853639
 0.96130583  0.00952351
 0.95605405  0.01051782
 0.95048443  0.01151321
 0.94460087  0.01250458
 0.93840746  0.01348788
 0.93190852  0.01446013
 0.92510857  0.01541940
 0.91801235  0.01636479
 0.91062482  0.01729631
 0.90295112  0.01821482
 0.89499659  0.01912188
 0.88676678  0.02001960
 0.87826743  0.02091051
 0.86950446  0.02179737
 0.86048397  0.02268301
 0.85121226  0.02357022
 0.84169578  0.02446155
 0.83194117  0.02535919
 0.82195522  0.02626490
 0.81174490  0.02717988
 0.80131732  0.02810477
 0.79067974  0.02903953
 0.77983959  0.02998351
 0.76880441  0.03093547
 0.75758189  0.03189357
 0.74617987  0.03285550
 0.73460627  0.03381853
 0.72286918  0.03477963
 0.71097676  0.03573557
 0.69893731  0.03668305
 0.68675922  0.03761881
 0.67445097  0.03853975
 0.66202115  0.03944300
 0.64947841  0.04032608
 0.63683150  0.04118688
 0.62408922  0.04202381
 0.61126047  0.04283577
 0.59835417  0.04362215
 0.58537934  0.04438287
 0.57234500  0.04511830
 0.55926024  0.04582925
 0.54613418  0.04651681
 0.53297597  0.04718238
 0.51979478  0.04782744
 0.50659979  0.04845357
 0.49340021  0.04906222
 0.48020522  0.04965468
 0.46702403  0.05023196
 0.45386582  0.05079467
 0.44073976  0.05134294
 0.42765500  0.05187639
 0.41462066  0.05239405
 0.40164583  0.05289433
 0.38873953  0.05337504
 0.37591078  0.05383338
 0.36316850  0.05426600
 0.35052159  0.05466904
 0.33797885  0.05503821
 0.32554903  0.05536888
 0.31324078  0.05565615
 0.30106269  0.05589503
 0.28902324  0.05608048
 0.27713082  0.05620754
 0.26539373  0.05627147
 0.25382013  0.05626783
 0.24241811  0.05619254
 0.23119559  0.05604202
 0.22016041  0.05581321
 0.20932026  0.05550363
 0.19868268  0.05511142
 0.18825510  0.05463530
 0.17804478  0.05407465
 0.16805883  0.05342940
 0.15830422  0.05270005
 0.14878774  0.05188759
 0.13951603  0.05099346
 0.13049554  0.05001947
 0.12173257  0.04896772
 0.11323322  0.04784053
 0.10500341  0.04664042
 0.09704888  0.04536995
 0.08937518  0.04403175
 0.08198765  0.04262840
 0.07489143  0.04116246
 0.06809148  0.03963638
 0.06159254  0.03805251
 0.05539913  0.03641311
 0.04951557  0.03472034
 0.04394595  0.03297628
 0.03869417  0.03118296
 0.03376389  0.02934239
 0.02915852  0.02745661
 0.02488130  0.02552771
 0.02093519  0.02355790
 0.01732296  0.02154950
 0.01404710  0.01950502
 0.01110992  0.01742718
 0.00851345  0.01531889
 0.00625951  0.01318331
 0.00434966  0.01102383
 0.00278524  0.00884403
 0.00156733  0.00664771
 0.00069679  0.00443885
 0.00017423  0.00222155
 0.00000000  0.00000000
 0.00017423 -0.00095398
 0.00069679 -0.00190519
 0.00156733 -0.00285081
 0.00278524 -0.00378791
 0.00434966 -0.00471343
 0.00625951 -0.00562410
 0.00851345 -0.00651645
 0.01110992 -0.00738675
 0.01404710 -0.00823105
 0.01732296 -0.00904515
 0.02093519 -0.00982462
 0.02488130 -0.01056483
 0.02915852 -0.01126102
 0.03376389 -0.01190834
 0.03869417 -0.01250193
 0.04394595 -0.01303699
 0.04951557 -0.01350888
 0.05539913 -0.01391322
 0.06159254 -0.01424603
 0.06809148 -0.01450375
 0.07489143 -0.01468345
 0.08198765 -0.01478287
 0.08937518 -0.01480053
 0.09704888 -0.01473583
 0.10500341 -0.01458913
 0.11323322 -0.01436179
 0.12173257 -0.01405621
 0.13049554 -0.01367591
 0.13951603 -0.01322544
 0.14878774 -0.01271044
 0.15830422 -0.01213756
 0.16805883 -0.01151439
 0.17804478 -0.01084936
 0.18825510 -0.01015167
 0.19868268 -0.00943110
 0.20932026 -0.00869788
 0.22016041 -0.00796255
 0.23119559 -0.00723572
 0.24241811 -0.00652794
 0.25382013 -0.00584948
 0.26539373 -0.00521013
 0.27713082 -0.00461905
 0.28902324 -0.00408455
 0.30106269 -0.00361395
 0.31324078 -0.00321346
 0.32554903 -0.00288800
 0.33797885 -0.00264117
 0.35052159 -0.00247512
 0.36316850 -0.00239057
 0.37591078 -0.00238677
 0.38873953 -0.00246152
 0.40164583 -0.00261128
 0.41462066 -0.00283121
 0.42765500 -0.00311529
 0.44073976 -0.00345651
 0.45386582 -0.00384700
 0.46702403 -0.00427822
 0.48020522 -0.00474118
 0.49340021 -0.00522663
 0.50659979 -0.00572527
 0.51979478 -0.00622797
 0.53297597 -0.00672596
 0.54613418 -0.00721102
 0.55926024 -0.00767567
 0.57234500 -0.00811326
 0.58537934 -0.00851815
 0.59835417 -0.00888577
 0.61126047 -0.00921265
 0.62408922 -0.00949652
 0.63683150 -0.00973620
 0.64947841 -0.00993166
 0.66202115 -0.01008387
 0.67445097 -0.01019474
 0.68675922 -0.01026696
 0.69893731 -0.01030391
 0.71097676 -0.01030945
 0.72286918 -0.01028775
 0.73460627 -0.01024316
 0.74617987 -0.01017999
 0.75758189 -0.01010234
 0.76880441 -0.01001400
 0.77983959 -0.00991825
 0.79067974 -0.00981778
 0.80131732 -0.00971458
 0.81174490 -0.00960992
 0.82195522 -0.00950426
 0.83194117 -0.00939729
 0.84169578 -0.00928798
 0.85121226 -0.00917458
 0.86048397 -0.00905477
 0.86950446 -0.00892573
 0.87826743 -0.00878433
 0.88676678 -0.00862721
 0.89499659 -0.00845101
 0.90295112 -0.00825250
 0.91062482 -0.00802875
 0.91801235 -0.00777728
 0.92510857 -0.00749626
 0.93190852 -0.00718456
 0.93840746 -0.00684193
 0.94460087 -0.00646903
 0.95048443 -0.00606750
 0.95605405 -0.00563999
 0.96130583 -0.00519014
 0.96623611 -0.00472252
 0.97084148 -0.00424256
 0.97511870 -0.00375645
 0.97906481 -0.00327098
 0.98267704 -0.00279340
 0.98595290 -0.00233126
 0.98889008 -0.00189216
 0.99148655 -0.00148363
 0.99374049 -0.00111286
 0.99565034 -0.00078655
 0.99721476 -0.00051072
 0.99843267 -0.00029053
 0.99930321 -0.00013017
 0.99982577 -0.00003270
 1.00000000  0.00000000
