s102b_CST
 1.00000000  0.00100038
 0.99982577  0.00103807
 0.99930321  0.00115118
 0.99843267  0.00133991
 0.99721476  0.00160454
 0.99565034  0.00194543
 0.99374049  0.00236296
 0.99148655  0.00285751
 0.98889008  0.00342938
 0.98595290  0.00407876
 0.98267704  0.00480564
 0.97906481  0.00560981
 0.97511870  0.00649076
 0.97084148  0.00744770
 0.96623611  0.00847946
 0.96130583  0.00958457
 0.95605405  0.01076120
 0.95048443  0.01200717
 0.94460087  0.01332003
 0.93840746  0.01469705
 0.93190852  0.01613532
 0.92510857  0.01763177
 0.91801235  0.01918327
 0.91062482  0.02078668
 0.90295112  0.02243893
 0.89499659  0.02413709
 0.88676678  0.02587842
 0.87826743  0.02766041
 0.86950446  0.02948084
 0.86048397  0.03133775
 0.85121226  0.03322947
 0.84169578  0.03515457
 0.83194117  0.03711185
 0.82195522  0.03910023
 0.81174490  0.04111871
 0.80131732  0.04316625
 0.79067974  0.04524165
 0.77983959  0.04734347
 0.76880441  0.04946987
 0.75758189  0.05161850
 0.74617987  0.05378642
 0.73460627  0.05596994
 0.72286918  0.05816460
 0.71097676  0.06036506
 0.69893731  0.06256510
 0.68675922  0.06475759
 0.67445097  0.06693451
 0.66202115  0.06908703
 0.64947841  0.07120560
 0.63683150  0.07328004
 0.62408922  0.07529972
 0.61126047  0.07725374
 0.59835417  0.07913109
 0.58537934  0.08092091
 0.57234500  0.08261268
 0.55926024  0.08419644
 0.54613418  0.08566305
 0.53297597  0.08700435
 0.51979478  0.08821337
 0.50659979  0.08928449
 0.49340021  0.09021357
 0.48020522  0.09099807
 0.46702403  0.09163703
 0.45386582  0.09213118
 0.44073976  0.09248282
 0.42765500  0.09269579
 0.41462066  0.09277533
 0.40164583  0.09272793
 0.38873953  0.09256112
 0.37591078  0.09228327
 0.36316850  0.09190331
 0.35052159  0.09143050
 0.33797885  0.09087415
 0.32554903  0.09024335
 0.31324078  0.08954669
 0.30106269  0.08879208
 0.28902324  0.08798651
 0.27713082  0.08713583
 0.26539373  0.08624469
 0.25382013  0.08531636
 0.24241811  0.08435274
 0.23119559  0.08335432
 0.22016041  0.08232025
 0.20932026  0.08124839
 0.19868268  0.08013545
 0.18825510  0.07897719
 0.17804478  0.07776856
 0.16805883  0.07650396
 0.15830422  0.07517746
 0.14878774  0.07378306
 0.13951603  0.07231491
 0.13049554  0.07076755
 0.12173257  0.06913614
 0.11323322  0.06741665
 0.10500341  0.06560602
 0.09704888  0.06370228
 0.08937518  0.06170464
 0.08198765  0.05961355
 0.07489143  0.05743070
 0.06809148  0.05515894
 0.06159254  0.05280226
 0.05539913  0.05036566
 0.04951557  0.04785495
 0.04394595  0.04527666
 0.03869417  0.04263780
 0.03376389  0.03994566
 0.02915852  0.03720763
 0.02488130  0.03443099
 0.02093519  0.03162272
 0.01732296  0.02878935
 0.01404710  0.02593680
 0.01110992  0.02307027
 0.00851345  0.02019420
 0.00625951  0.01731218
 0.00434966  0.01442698
 0.00278524  0.01154060
 0.00156733  0.00865430
 0.00069679  0.00576871
 0.00017423  0.00288401
 0.00000000  0.00000000
 0.00017423 -0.00122489
 0.00069679 -0.00245509
 0.00156733 -0.00369538
 0.00278524 -0.00495014
 0.00434966 -0.00622317
 0.00625951 -0.00751754
 0.00851345 -0.00883550
 0.01110992 -0.01017832
 0.01404710 -0.01154628
 0.01732296 -0.01293865
 0.02093519 -0.01435371
 0.02488130 -0.01578880
 0.02915852 -0.01724042
 0.03376389 -0.01870439
 0.03869417 -0.02017598
 0.04394595 -0.02165006
 0.04951557 -0.02312136
 0.05539913 -0.02458462
 0.06159254 -0.02603477
 0.06809148 -0.02746715
 0.07489143 -0.02887764
 0.08198765 -0.03026282
 0.08937518 -0.03162006
 0.09704888 -0.03294759
 0.10500341 -0.03424452
 0.11323322 -0.03551083
 0.12173257 -0.03674735
 0.13049554 -0.03795558
 0.13951603 -0.03913764
 0.14878774 -0.04029606
 0.15830422 -0.04143357
 0.16805883 -0.04255294
 0.17804478 -0.04365669
 0.18825510 -0.04474691
 0.19868268 -0.04582503
 0.20932026 -0.04689157
 0.22016041 -0.04794602
 0.23119559 -0.04898664
 0.24241811 -0.05001037
 0.25382013 -0.05101276
 0.26539373 -0.05198793
 0.27713082 -0.05292863
 0.28902324 -0.05382629
 0.30106269 -0.05467117
 0.31324078 -0.05545254
 0.32554903 -0.05615886
 0.33797885 -0.05677813
 0.35052159 -0.05729808
 0.36316850 -0.05770651
 0.37591078 -0.05799166
 0.38873953 -0.05814244
 0.40164583 -0.05814883
 0.41462066 -0.05800211
 0.42765500 -0.05769517
 0.44073976 -0.05722271
 0.45386582 -0.05658146
 0.46702403 -0.05577030
 0.48020522 -0.05479035
 0.49340021 -0.05364502
 0.50659979 -0.05233994
 0.51979478 -0.05088295
 0.53297597 -0.04928390
 0.54613418 -0.04755451
 0.55926024 -0.04570814
 0.57234500 -0.04375950
 0.58537934 -0.04172441
 0.59835417 -0.03961947
 0.61126047 -0.03746173
 0.62408922 -0.03526841
 0.63683150 -0.03305653
 0.64947841 -0.03084270
 0.66202115 -0.02864277
 0.67445097 -0.02647163
 0.68675922 -0.02434304
 0.69893731 -0.02226937
 0.71097676 -0.02026160
 0.72286918 -0.01832915
 0.73460627 -0.01647988
 0.74617987 -0.01472011
 0.75758189 -0.01305463
 0.76880441 -0.01148683
 0.77983959 -0.01001872
 0.79067974 -0.00865117
 0.80131732 -0.00738394
 0.81174490 -0.00621593
 0.82195522 -0.00514527
 0.83194117 -0.00416951
 0.84169578 -0.00328573
 0.85121226 -0.00249072
 0.86048397 -0.00178105
 0.86950446 -0.00115318
 0.87826743 -0.00060354
 0.88676678 -0.00012856
 0.89499659  0.00027528
 0.90295112  0.00061146
 0.91062482  0.00088343
 0.91801235  0.00109464
 0.92510857  0.00124855
 0.93190852  0.00134872
 0.93840746  0.00139881
 0.94460087  0.00140268
 0.95048443  0.00136437
 0.95605405  0.00128817
 0.96130583  0.00117863
 0.96623611  0.00104056
 0.97084148  0.00087900
 0.97511870  0.00069921
 0.97906481  0.00050660
 0.98267704  0.00030669
 0.98595290  0.00010501
 0.98889008 -0.00009301
 0.99148655 -0.00028211
 0.99374049 -0.00045731
 0.99565034 -0.00061404
 0.99721476 -0.00074822
 0.99843267 -0.00085636
 0.99930321 -0.00093568
 0.99982577 -0.00098410
 1.00000000 -0.00100038
